Instituto Superior de Engenharia de Lisboa
    Laborat¢rio de Controlo de Sistemas


   Data: 05/04/22
   Hora: 12:02:32

UNIDADES:
   Tempo : seg.
   Canais: mV

POSICAO_DAS_VALVULAS:
   Valvula_A: 5
   Valvula_B: 0
   Valvula_C: 3

PARAMETROS_DO_CONTROLADOR:
   KP=3
   KI=0

Controlo: Nivel2

       Tabela de Dados



  Tempo  SetPoint  Nivel2   Caudal 
       0  3999,76  185,553  0,61037
     0,5  3999,76   180,67  5,49333
       1  3999,76  187,994  5,49333
     1,5  3999,76   181,28  4032,11
       2  3999,76  185,553  4032,11
     2,5  3999,76  180,059  8312,02
       3  3999,76  186,163  8312,02
     3,5  3999,76  179,449  9504,68
       4  3999,76   181,28  9504,68
     4,5  3999,76  178,838  9830,01
       5  3999,76   180,67  9906,92
     5,5  3999,76  178,228   9964,9
       6  3999,76  177,007  9988,71
     6,5  3999,76  184,332   9994,2
       7  3999,76  219,733  9972,23
     7,5  3999,76  222,175  9959,41
       8  3999,76  254,524  9963,68
     8,5  3999,76  275,887  9969,18
       9  3999,76  302,133  9966,73
     9,5  3999,76  339,976  9985,66
      10  3999,76  394,299  9961,85
    10,5  3999,76  420,545  9938,05
      11  3999,76  457,167  9943,54
    11,5  3999,76    494,4  9957,58
      12  3999,76  513,932  9966,73
    12,5  3999,76  554,826  9956,97
      13  3999,76  573,138  9964,29
    13,5  3999,76  614,643  9965,51
      14  3999,76  674,459  9973,45
    14,5  3999,76  727,561  9959,41
      15  3999,76  772,729  9974,06
    15,5  3999,76  793,481  9960,02
      16  3999,76   824,61   9900,2
    16,5  3999,76   873,44  9788,51
      17  3999,76  900,296  9660,94
    17,5  3999,76  932,646  9565,72
      18  3999,76  969,878  9460,74
    18,5  3999,76   1012,6  9350,26
      19  3999,76  1056,55  9244,06
    19,5  3999,76   1077,3  9131,14
      20  3999,76  1129,18  9004,79
    20,5  3999,76  1157,26  8874,78
      21  3999,76  1190,22  8735,62
    21,5  3999,76  1229,29  8609,88
      22  3999,76  1257,36  8492,08
    22,5  3999,76  1282,39  8376,72
      23  3999,76  1311,69  8267,46
    23,5  3999,76  1341,59  8160,65
      24  3999,76  1378,22  8047,73
    24,5  3999,76  1403,24   7934,2
      25  3999,76  1435,59  7814,57
    25,5  3999,76  1469,16   7722,4
      26  3999,76  1484,42  7625,97
    26,5  3999,76  1515,55  7513,05
      27  3999,76  1540,57  7402,57
    27,5  3999,76  1553,39  7337,26
      28  3999,76  1578,42  7234,72
    28,5  3999,76  1604,66  7137,67
      29  3999,76  1626,64   7057,1
    29,5  3999,76  1649,83  6967,38
      30  3999,76  1671,19  6899,62
    30,5  3999,76  1693,17     6816
      31  3999,76  1705,37  6712,24
    31,5  3999,76  1720,63  6637,78
      32  3999,76  1743,22  6598,71
    32,5  3999,76   1754,2   6527,3
      33  3999,76  1784,72  6476,64
    33,5  3999,76  1797,54   6415,6
      34  3999,76  1815,85  6350,29
    34,5  3999,76  1837,82  6275,22
      35  3999,76  1851,25  6194,65
    35,5  3999,76  1856,14  6120,79
      36  3999,76  1865,29  6073,79
    36,5  3999,76  1890,93  6040,22
      37  3999,76  1900,69  6017,03
    37,5  3999,76  1912,29  5984,68
      38  3999,76  1926,94  5925,47
    38,5  3999,76  1951,96  5869,32
      39  3999,76  1955,02  5816,83
    39,5  3999,76  1964,17  5769,22
      40  3999,76  1973,33  5706,35
    40,5  3999,76  1976,99   5656,3
      41  3999,76  1988,59  5605,03
    41,5  3999,76  1993,47  5580,61
      42  3999,76  2004,46  5554,37
    42,5  3999,76  2018,49  5533,01
      43  3999,76  2023,99  5499,44
    43,5  3999,76  2033,75  5478,07
      44  3999,76  2037,42  5451,22
    44,5  3999,76  2039,25  5429,85
      45  3999,76  2044,74  5402,39
    45,5  3999,76   2048,4  5395,06
      46  3999,76  2061,83  5371,87
    46,5  3999,76   2071,6  5346,84
      47  3999,76  2077,09  5321,21
    47,5  3999,76  2084,41  5298,01
      48  3999,76  2086,86  5269,94
    48,5  3999,76  2094,79  5248,57
      49  3999,76  2113,71  5224,77
    49,5  3999,76  2117,98   5191,2
      50  3999,76  2110,66  5144,81
    50,5  3999,76  2122,26  5113,68
      51  3999,76  2133,85  5088,05
    51,5  3999,76  2145,45  5076,45
      52  3999,76   2148,5  5070,35
    52,5  3999,76  2155,22  5055,09
      53  3999,76  2160,71  5027,62
    53,5  3999,76  2156,44  5007,48
      54  3999,76   2160,1  4984,89
    54,5  3999,76  2158,27   4973,3
      55  3999,76  2158,88  4982,45
    55,5  3999,76  2161,93  4953,15
      56  3999,76  2164,37  4942,17
    56,5  3999,76  2165,59  4936,67
      57  3999,76  2179,02  4941,56
    57,5  3999,76  2181,46   4950,1
      58  3999,76  2188,18  4933,62
    58,5  3999,76  2192,45  4917,75
      59  3999,76  2199,77  4882,96
    59,5  3999,76  2200,99  4859,16
      60  3999,76  2203,44  4837,79
    60,5  3999,76  2197,94  4831,08
      61  3999,76  2205,27   4820,7
    61,5  3999,76  2197,94  4812,77
      62  3999,76  2206,49  4819,48
    62,5  3999,76  2213,81  4802,39
      63  3999,76  2210,15  4799,34
    63,5  3999,76  2216,25  4799,95
      64  3999,76  2210,76  4798,12
    64,5  3999,76  2215,64  4783,47
      65  3999,76  2218,09  4778,59
    65,5  3999,76  2221,75  4781,03
      66  3999,76  2212,59  4781,64
    66,5  3999,76  2218,09  4774,32
      67  3999,76   2218,7  4762,72
    67,5  3999,76  2226,63   4761,5
      68  3999,76  2220,53  4777,37
    68,5  3999,76   2224,8  4777,98
      69  3999,76   2224,8  4769,43
    69,5  3999,76  2224,19  4774,32
      70  3999,76  2224,19  4772,48
    70,5  3999,76  2214,42  4770,04
      71  3999,76   2218,7  4768,82
    71,5  3999,76  2218,09  4770,65
      72  3999,76  2223,58   4761,5
    72,5  3999,76  2221,75   4761,5
      73  3999,76   2230,9  4760,28
    73,5  3999,76  2231,51  4762,11
      74  3999,76  2238,84  4752,34
    74,5  3999,76  2234,57  4737,69
      75  3999,76  2241,89  4734,64
    75,5  3999,76  2241,28  4728,54
      76  3999,76   2242,5  4717,55
    76,5  3999,76  2239,45  4701,07
      77  3999,76  2243,72  4704,12
    77,5  3999,76  2243,72  4715,11
      78  3999,76  2247,38  4704,73
    78,5  3999,76  2260,81  4691,92
      79  3999,76  2265,08  4678,49
    79,5  3999,76  2269,97  4685,81
      80  3999,76  2265,69  4677,27
    80,5  3999,76  2267,53  4641,87
      81  3999,76  2269,36  4623,55
    81,5  3999,76  2269,97  4630,88
      82  3999,76  2269,97  4619,89
    82,5  3999,76  2276,68  4623,55
      83  3999,76   2277,9  4613,18
    83,5  3999,76  2269,36  4613,18
      84  3999,76  2268,75  4619,28
    84,5  3999,76  2271,19  4607,07
      85  3999,76  2276,07   4602,8
    85,5  3999,76   2277,9  4590,59
      86  3999,76  2274,85  4598,53
    86,5  3999,76  2273,63  4582,66
      87  3999,76  2270,58  4593,65
    87,5  3999,76  2268,14  4589,37
      88  3999,76  2266,91  4581,44
    88,5  3999,76  2268,14  4593,04
      89  3999,76  2269,97   4596,7
    89,5  3999,76  2278,51  4607,07
      90  3999,76  2277,29  4618,06
    90,5  3999,76  2282,78  4618,67
      91  3999,76  2280,95  4610,74
    91,5  3999,76  2276,07   4591,2
      92  3999,76   2271,8  4597,31
    92,5  3999,76  2273,63  4593,65
      93  3999,76  2278,51   4596,7
    93,5  3999,76   2271,8  4562,52
      94  3999,76  2281,56     4532
    94,5  3999,76  2278,51  4510,64
      95  3999,76  2279,73  4488,66
    95,5  3999,76  2279,73  4495,38
      96  3999,76  2276,07  4501,48
    96,5  3999,76  2276,07  4499,65
      97  3999,76  2277,29  4484,39
    97,5  3999,76   2277,9  4464,25
      98  3999,76  2282,17  4465,47
    98,5  3999,76  2279,73   4478,9
      99  3999,76  2278,51  4480,12
    99,5  3999,76   2277,9  4479,51
     100  3999,76  2276,07   4491,1
   100,5  3999,76  2284,62  4486,22
     101  3999,76  2270,58  4499,65
   101,5  3999,76  2274,24  4491,71
     102  3999,76  2273,63  4494,16
   102,5  3999,76  2268,75  4494,77
     103  3999,76  2273,63  4505,75
   103,5  3999,76  2273,63  4505,75
     104  3999,76  2268,14   4508,8
   104,5  3999,76  2267,53  4500,87
     105  3999,76  2273,02  4503,31
   105,5  3999,76  2273,63   4514,3
     106  3999,76  2274,24  4519,79
   106,5  3999,76  2266,91  4517,35
     107  3999,76  2274,85  4497,21
   107,5  3999,76   2266,3  4509,42
     108  3999,76  2258,98  4521,62
   108,5  3999,76  2262,64  4528,34
     109  3999,76  2257,15  4544,82
   109,5  3999,76  2259,59  4552,14
     110  3999,76  2263,86  4547,26
   110,5  3999,76  2260,81  4545,43
     111  3999,76  2253,49  4537,49
   111,5  3999,76  2255,32  4542,99
     112  3999,76  2265,08  4557,63
   112,5  3999,76  2258,37  4565,57
     113  3999,76  2259,59  4550,92
   113,5  3999,76  2266,91   4543,6
     114  3999,76  2257,76   4714,5
   114,5  3999,76  2257,76   4714,5
     115  3999,76  2257,15  5855,89
   115,5  3999,76  2266,91  5855,89
     116  3999,76  2273,63  7140,72
   116,5  3999,76  2287,67  7140,72
     117  3999,76  2298,65  8079,47
   117,5  3999,76  2302,93  8213,14
     118  3999,76  2329,17  8247,32
   118,5  3999,76  2338,94  8227,18
     119  3999,76  2350,54  8183,84
   119,5  3999,76  2355,42  8130,13
     120  3999,76  2376,78  8080,69
   120,5  3999,76  2393,26  8006,23
     121  3999,76  2397,53  7962,28
   121,5  3999,76  2412,18  7885,98
     122  3999,76  2427,44  7795,04
   122,5  3999,76  2446,36  7718,74
     123  3999,76  2452,47  7650,99
   123,5  3999,76   2483,6  7605,21
     124  3999,76  2497,02  7528,92
   124,5  3999,76  2506,18  7436,75
     125  3999,76  2520,83  7323,22
   125,5  3999,76  2539,75  7240,82
     126  3999,76  2561,72   7163,3
   126,5  3999,76   2578,2  7097,38
     127  3999,76  2603,84  7001,56
   127,5  3999,76   2619,1  6879,48
     128  3999,76  2650,84   6780,6
   128,5  3999,76  2670,37  6665,85
     129  3999,76  2680,75  6526,08
   129,5  3999,76  2690,51  6391,19
     130  3999,76  2708,21  6257,52
   130,5  3999,76  2722,86  6165,96
     131  3999,76  2741,17  6081,12
   131,5  3999,76  2747,28  5996,89
     132  3999,76  2751,55   5903,5
   132,5  3999,76  2774,13  5810,72
     133  3999,76  2780,85   5738,7
   133,5  3999,76   2801,6  5679,49
     134  3999,76  2815,64  5611,13
   134,5  3999,76  2824,18  5543,99
     135  3999,76  2831,51  5476,24
   135,5  3999,76   2848,6  5398,72
     136  3999,76  2860,19  5341,35
   136,5  3999,76  2861,42  5290,08
     137  3999,76   2872,4  5230,87
   137,5  3999,76  2871,18   5155,8
     138  3999,76  2880,34  5097,81
   138,5  3999,76  2889,49  5058,14
     139  3999,76  2886,44  5018,46
   139,5  3999,76  2896,21  4975,13
     140  3999,76  2888,88  4956,21
   140,5  3999,76  2899,87  4953,15
     141  3999,76  2902,92   4932,4
   141,5  3999,76  2905,97  4925,69
     142  3999,76  2911,47  4893,95
   142,5  3999,76  2920,01  4869,53
     143  3999,76  2920,62  4845,12
   143,5  3999,76  2930,39  4813,38
     144  3999,76     2931  4783,47
   144,5  3999,76  2931,61  4756,61
     145  3999,76  2930,39  4749,29
   145,5  3999,76  2929,78  4729,15
     146  3999,76  2926,11   4708,4
   146,5  3999,76  2931,61  4706,56
     147  3999,76  2928,56  4706,56
   147,5  3999,76  2923,67  4705,34
     148  3999,76  2927,34  4701,68
   148,5  3999,76  2924,28  4702,29
     149  3999,76  2920,62   4714,5
   149,5  3999,76  2921,84  4721,21
     150  3999,76  2935,27  4737,08
   150,5  3999,76  2926,73  4741,36
     151  3999,76  2935,27   4732,2
   151,5  3999,76  2932,83  4704,73
     152  3999,76  2926,11  4691,92
   152,5  3999,76  2934,05  4695,58
     153  3999,76  2921,84  4709,62
   153,5  3999,76     2931   4720,6
     154  3999,76  2926,73  4719,99
   154,5  3999,76  2927,95  4734,03
     155  3999,76  2926,73  4741,36
   155,5  3999,76  2933,44  4745,02
     156  3999,76   2925,5  4745,63
   156,5  3999,76  2929,17  4730,98
     157  3999,76  2924,28  4726,71
   157,5  3999,76  2930,39  4715,72
     158  3999,76  2938,32  4723,65
   158,5  3999,76  2926,73   4749,9
     159  3999,76  2934,05  4740,13
   159,5  3999,76  2924,89  4707,17
     160  3999,76  2922,45  4699,85
   160,5  3999,76   2919,4  4701,68
     161  3999,76  2923,67  4687,03
   161,5  3999,76  2922,45  4688,25
     162  3999,76  2923,67  4716,33
   162,5  3999,76  2917,57  4722,43
     163  3999,76  2920,62  4732,81
   163,5  3999,76  2924,28  4724,27
     164  3999,76  2921,84  4717,55
   164,5  3999,76  2920,62  4712,06
     165  3999,76  2928,56  4715,72
   165,5  3999,76  2926,11  4725,49
     166  3999,76  2926,73   4696,8
   166,5  3999,76  2920,01  4682,76
     167  3999,76  2920,01   4667,5
   167,5  3999,76   2913,3  4676,66
     168  3999,76  2913,91  4674,83
   168,5  3999,76  2917,57  4702,29
     169  3999,76  2915,74  4724,88
   169,5  3999,76  2918,18  4744,41
     170  3999,76  2920,01   4749,9
   170,5  3999,76  2912,08  4759,06
     171  3999,76  2908,41  4745,63
   171,5  3999,76  2909,02  4736,47
     172  3999,76  2903,53  4730,98
   172,5  3999,76  2902,92  4752,95
     173  3999,76  2898,04  4773,09
   173,5  3999,76  2893,15  4799,95
     174  3999,76  2894,38  4815,21
   174,5  3999,76  2899,87  4835,96
     175  3999,76  2896,21  4862,21
   175,5  3999,76  2899,87  4876,86
     176  3999,76  2900,48  4878,69
   176,5  3999,76  2900,48   4873,2
     177  3999,76  2893,77   4890,9
   177,5  3999,76  2890,71  4983,06
     178  3999,76  2899,26  4983,06
   178,5  3999,76  2894,38  5716,12
     179  3999,76  2904,14  5716,12
   179,5  3999,76  2902,92   6551,1
     180  3999,76  2908,41   6551,1
   180,5  3999,76  2912,69  7112,03
     181  3999,76  2927,34  7178,56
   181,5  3999,76  2939,54  7202,37
     182  3999,76  2957,85  7197,49
   182,5  3999,76  2979,83  7148,05
     183  3999,76  2994,48  7058,93
   183,5  3999,76  3004,85  6971,04
     184  3999,76  3010,35  6848,35
   184,5  3999,76  3026,83  6712,85
     185  3999,76  3038,42  6595,05
   185,5  3999,76   3054,9  6507,77
     186  3999,76  3063,45  6399,12
   186,5  3999,76  3070,16  6284,98
     187  3999,76  3083,59  6176,34
   187,5  3999,76  3095,19  6084,17
     188  3999,76  3109,84  6017,64
   188,5  3999,76  3126,93  5929,75
     189  3999,76  3131,81  5831,48
   189,5  3999,76  3135,47  5748,47
     190  3999,76  3147,07  5645,92
   190,5  3999,76  3144,02   5550,1
     191  3999,76  3153,17  5481,12
   191,5  3999,76  3164,77  5399,33
     192  3999,76  3177,59  5354,78
   192,5  3999,76  3191,02  5307,17
     193  3999,76  3182,47  5256,51
   193,5  3999,76  3192,24  5178,38
     194  3999,76  3196,51  5114,29
   194,5  3999,76     3202  5074,62
     195  3999,76  3203,83  5052,03
   195,5  3999,76  3216,04  5016,63
     196  3999,76  3224,59  4954,38
   196,5  3999,76  3214,21   4914,7
     197  3999,76  3206,27  4869,53
   197,5  3999,76  3204,44  4826,81
     198  3999,76  3210,55  4806,05
   198,5  3999,76  3201,39  4832,91
     199  3999,76  3201,39  4854,27
   199,5  3999,76  3191,02  4865,87
     200  3999,76  3196,51  4882,35
   200,5  3999,76  3195,29  4918,97
     201  3999,76  3198,95  4949,49
   201,5  3999,76   3207,5  4967,19
     202  3999,76  3203,22  4994,66
   202,5  3999,76  3214,82   4973,3
     203  3999,76  3216,65  4947,66
   203,5  3999,76  3217,87  4923,25
     204  3999,76  3214,82  4884,79
   204,5  3999,76  3218,48  4862,82
     205  3999,76  3212,38     4850
   205,5  3999,76  3217,26  4857,94
     206  3999,76   3213,6  4846,95
   206,5  3999,76  3210,55  4850,61
     207  3999,76  3214,21  4842,07
   207,5  3999,76  3220,31  4867,09
     208  3999,76  3223,98  4876,25
   208,5  3999,76  3221,53  4868,31
     209  3999,76  3230,69  4862,21
   209,5  3999,76  3217,87  4828,03
     210  3999,76   3219,7  4787,74
   210,5  3999,76  3232,52  4764,55
     211  3999,76  3235,57  4781,64
   211,5  3999,76  3236,79  4774,32
     212  3999,76  3230,08  4740,75
   212,5  3999,76  3233,13  4704,73
     213  3999,76  3234,35  4680,93
   213,5  3999,76  3232,52  4691,31
     214  3999,76  3236,18  4701,07
   214,5  3999,76  3233,13  4695,58
     215  3999,76  3230,08  4693,75
   215,5  3999,76  3223,98  4692,53
     216  3999,76  3221,53  4699,24
   216,5  3999,76  3217,87  4687,64
     217  3999,76  3217,26  4712,67
   217,5  3999,76  3212,38  4727,93
     218  3999,76  3229,47  4745,63
   218,5  3999,76  3216,65   4779,2
     219  3999,76  3216,04  4800,56
   219,5  3999,76   3213,6  4766,99
     220  3999,76  3209,94  4764,55
   220,5  3999,76  3219,09  4781,64
     221  3999,76  3211,16  4792,63
   221,5  3999,76  3216,04  4804,22
     222  3999,76  3212,99  4775,54
   222,5  3999,76  3211,16  4781,64
     223  3999,76  3202,61  4781,64
   223,5  3999,76     3202  4784,08
     224  3999,76  3206,89  4795,68
   224,5  3999,76  3206,27  4839,62
     225  3999,76  3208,72  4867,09
   225,5  3999,76  3211,16  4883,57
     226  3999,76  3217,26  4882,35
   226,5  3999,76  3208,11  4883,57
     227  3999,76  3208,72   4843,9
   227,5  3999,76  3208,11  4787,13
     228  3999,76  3198,34  4795,07
   228,5  3999,76  3199,56  4818,87
     229  3999,76  3205,66  4849,39
   229,5  3999,76   3195,9  4864,65
     230  3999,76  3193,46  4863,43
   230,5  3999,76  3194,07  4877,47
     231  3999,76  3200,17   4914,7
   231,5  3999,76  3202,61  4931,18
     232  3999,76     3202  4948,27
   232,5  3999,76     3202  4947,05
     233  3999,76  3205,66  4937,28
   233,5  3999,76  3200,78  4923,25
     234  3999,76  3201,39  4909,82
   234,5  3999,76   3195,9  4909,21
     235  3999,76  3198,34  4942,17
   235,5  3999,76  3198,95  4958,04
     236  3999,76  3201,39  4965,36
   236,5  3999,76  3195,29  4957,43
     237  3999,76  3202,61  4945,22
   237,5  3999,76  3210,55  4911,65
     238  3999,76  3204,44  4912,87
   238,5  3999,76  3209,94  4895,78
     239  3999,76   3207,5  4881,13
   239,5  3999,76  3205,05  4875,03
     240  3999,76  3209,94  4865,26
   240,5  3999,76  3216,04  4866,48
     241  3999,76  3211,77  4850,61
   241,5  3999,76  3208,72  4839,01
     242  3999,76  3205,66   4843,9
   242,5  3999,76  3203,83     4850
     243  3999,76  3218,48  4853,05
   243,5  3999,76  3208,72  4863,43
     244  3999,76   3207,5  4888,45
   244,5  3999,76  3217,26  4881,74
     245  3999,76  3209,33  4876,25
   245,5  3999,76  3217,87  4864,04
     246  3999,76  3212,38  4851,22
   246,5  3999,76  3219,09  4868,31
     247  3999,76  3212,38  4859,77
   247,5  3999,76  3212,38  4871,97
     248  3999,76  3214,82  4858,55
   248,5  3999,76  3205,66  4857,33
     249  3999,76  3212,38  4859,77
   249,5  3999,76  3220,31  4858,55
     250  3999,76  3219,09  4865,87
   250,5  3999,76  3214,82  4862,82
     251  3999,76  3214,21  4915,92
   251,5  3999,76  3216,04  4915,92
     252  3999,76  3214,82  5402,39
   252,5  3999,76  3227,03  5402,39
     253  3999,76  3229,47  5966,37
   253,5  3999,76  3228,86  5966,37
     254  3999,76  3233,74  6344,19
   254,5  3999,76  3239,84   6362,5
     255  3999,76     3249  6376,54
   255,5  3999,76  3250,22  6372,26
     256  3999,76  3256,94  6335,64
   256,5  3999,76  3274,64  6270,94
     257  3999,76  3270,36  6212,35
   257,5  3999,76  3275,86  6154,36
     258  3999,76  3278,91  6066,47
   258,5  3999,76  3293,56  6012,15
     259  3999,76  3308,82   5968,2
   259,5  3999,76  3303,32  5915,71
     260  3999,76  3305,76  5831,48
   260,5  3999,76  3316,75  5739,31
     261  3999,76  3327,13  5688,65
   261,5  3999,76  3328,96  5643,48
     262  3999,76  3340,56  5588,55
   262,5  3999,76  3346,05  5523,24
     263  3999,76  3350,32  5455,49
   263,5  3999,76  3353,37  5384,69
     264  3999,76  3353,98   5315,1
   264,5  3999,76  3362,53     5262
     265  3999,76   3360,7  5211,34
   265,5  3999,76  3367,41  5160,07
     266  3999,76  3366,19  5116,12
   266,5  3999,76   3366,8  5102,08
     267  3999,76  3383,28  5083,77
   267,5  3999,76  3387,55  5053,87
     268  3999,76   3378,4  5020,29
   268,5  3999,76  3379,01  4958,04
     269  3999,76  3391,22  4904,93
   269,5  3999,76  3386,33  4886,62
     270  3999,76  3389,39  4864,65
   270,5  3999,76     3390  4852,44
     271  3999,76  3386,33  4849,39
   271,5  3999,76  3379,62  4839,01
     272  3999,76  3380,84  4823,76
   272,5  3999,76  3383,28  4830,47
     273  3999,76  3388,16  4856,72
   273,5  3999,76  3381,45  4873,81
     274  3999,76  3375,96  4868,92
   274,5  3999,76   3378,4  4854,27
     275  3999,76  3377,18  4873,81
   275,5  3999,76  3374,13  4892,12
     276  3999,76  3374,13  4889,68
   276,5  3999,76  3382,06  4888,45
     277  3999,76  3382,06  4913,48
   277,5  3999,76  3386,33  4922,03
     278  3999,76  3385,72  4906,16
   278,5  3999,76  3388,16  4896,39
     279  3999,76  3383,28  4870,14
   279,5  3999,76  3380,84  4860,99
     280  3999,76  3387,55  4853,05
   280,5  3999,76  3382,06  4857,94
     281  3999,76  3381,45  4868,92
   281,5  3999,76   3378,4  4882,35
     282  3999,76   3378,4  4870,14
   282,5  3999,76  3385,11  4888,45
     283  3999,76  3391,22  4905,55
   283,5  3999,76   3384,5  4904,32
     284  3999,76  3385,72  4870,75
   284,5  3999,76     3390  4855,49
     285  3999,76  3385,11  4857,33
   285,5  3999,76  3386,94  4862,82
     286  3999,76  3380,84  4852,44
   286,5  3999,76  3376,57  4860,99
     287  3999,76  3382,06  4857,33
   287,5  3999,76  3383,28  4886,01
     288  3999,76  3392,44  4909,82
   288,5  3999,76     3390  4895,78
     289  3999,76  3380,84  4880,52
   289,5  3999,76   3384,5  4857,33
     290  3999,76  3383,89   4843,9
   290,5  3999,76  3385,72  4873,81
     291  3999,76  3393,05  4879,91
   291,5  3999,76  3396,71  4877,47
     292  3999,76  3391,83  4865,26
   292,5  3999,76  3387,55  4832,91
     293  3999,76  3387,55  4804,83
   293,5  3999,76   3378,4  4807,89
     294  3999,76  3385,11  4820,09
   294,5  3999,76  3377,79  4853,05
     295  3999,76  3376,57  4887,84
   295,5  3999,76  3371,07  4907,38
     296  3999,76  3377,18  4921,42
   296,5  3999,76  3380,84  4947,66
     297  3999,76  3381,45  4986,72
   297,5  3999,76   3384,5  4978,79
     298  3999,76  3383,28  4974,52
   298,5  3999,76  3379,62  4952,54
     299  3999,76  3383,28   4937,9
   299,5  3999,76  3380,23  4935,45
     300  3999,76  3380,84  4931,18
   300,5  3999,76  3386,94  4933,62
     301  3999,76  3387,55   4932,4
   301,5  3999,76  3388,16  4940,34
     302  3999,76  3379,62  4920,19
   302,5  3999,76  3381,45  4900,05
     303  3999,76  3390,61  4900,66
   303,5  3999,76  3381,45   4926,3
     304  3999,76  3382,67   4920,8
   304,5  3999,76  3377,79  4912,87
     305  3999,76  3380,23  4917,14
   305,5  3999,76  3383,28  4921,42
     306  3999,76  3379,01  4911,65
   306,5  3999,76  3376,57  4918,36
     307  3999,76  3380,84   4932,4
   307,5  3999,76  3386,94  4941,56
     308  3999,76  3385,72  4953,15
   308,5  3999,76  3394,27  4964,75
     309  3999,76  3387,55  4927,52
   309,5  3999,76  3389,39  4894,56
     310  3999,76  3390,61  4868,31
   310,5  3999,76  3386,33  4847,56
     311  3999,76  3377,79  4831,69
   311,5  3999,76  3394,27  4816,43
     312  3999,76   3384,5  4815,21
   312,5  3999,76  3379,01  4845,73
     313  3999,76  3382,06  4837,18
   313,5  3999,76  3379,62  4873,81
     314  3999,76  3374,74  4906,77
   314,5  3999,76  3370,46  4929,35
     315  3999,76  3368,02  4936,06
   315,5  3999,76  3363,75  4964,75
     316  3999,76  3364,36  4998,32
   316,5  3999,76  3358,87  5020,91
     317  3999,76  3363,14  5056,31
   317,5  3999,76  3368,02  5081,33
     318  3999,76  3368,63  5100,86
   318,5  3999,76  3374,13  5105,75
     319  3999,76  3373,52  5098,42
   319,5  3999,76  3381,45  5068,51
     320  3999,76  3374,74  5038,61
   320,5  3999,76     3390  5012,36
     321  3999,76  3381,45  4987,95
   321,5  3999,76  3381,45  4960,48
     322  3999,76  3392,44  4923,86
   322,5  3999,76  3393,05  4911,04
     323  3999,76   3384,5  4887,23
   323,5  3999,76  3389,39  4859,77
     324  3999,76  3387,55  4854,27
   324,5  3999,76  3393,05  4863,43
     325  3999,76  3404,64   4856,1
   325,5  3999,76  3397,93  4865,26
     326  3999,76  3398,54   4838,4
   326,5  3999,76  3386,33  4777,37
     327  3999,76  3391,22  4762,72
   327,5  3999,76  3387,55  4774,93
