Instituto Superior de Engenharia de Lisboa
    Laborat¢rio de Controlo de Sistemas


   Data: 05/04/22
   Hora: 12:11:01

UNIDADES:
   Tempo : seg.
   Canais: mV

POSICAO_DAS_VALVULAS:
   Valvula_A: 5
   Valvula_B: 0
   Valvula_C: 2.5

PARAMETROS_DO_CONTROLADOR:
   KP=3
   KI=0.3

Controlo: Nivel2

       Tabela de Dados



  Tempo  SetPoint  Nivel2   Caudal 
       0  3999,76  172,124        0
     0,5  3999,76  179,449  8,54518
       1  3999,76   181,28  8,54518
     1,5  3999,76  182,501  4218,27
       2  3999,76  178,838  4218,27
     2,5  3999,76  172,735  8465,83
       3  3999,76  175,176  8465,83
     3,5  3999,76  184,332  9621,27
       4  3999,76   181,28  9621,27
     4,5  3999,76   180,67  9898,37
       5  3999,76  182,501  9939,27
     5,5  3999,76  217,292  9954,53
       6  3999,76  281,991  9956,36
     6,5  3999,76  328,379  9953,92
       7  3999,76  393,078  9956,97
     7,5  3999,76  419,935  9946,59
       8  3999,76  433,973  9962,46
     8,5  3999,76  472,427  9977,11
       9  3999,76  516,984   9976,5
     9,5  3999,76  546,892  9964,29
      10  3999,76  589,618  9967,34
    10,5  3999,76  650,044  9968,57
      11  3999,76  688,498  9952,09
    11,5  3999,76  723,899  9950,25
      12  3999,76  762,352  9942,93
    12,5  3999,76  815,455  9949,64
      13  3999,76  860,012  9964,29
    13,5  3999,76  893,582  9979,55
      14  3999,76  959,502  9978,33
    14,5  3999,76  1024,81  9979,55
      15  3999,76  1057,77  9987,49
    15,5  3999,76   1112,7  9992,98
      16  3999,76  1163,37   9994,2
    16,5  3999,76  1225,62  9994,81
      17  3999,76  1267,13  9992,98
    17,5  3999,76   1312,3  9986,88
      18  3999,76   1353,8   9994,2
    18,5  3999,76  1410,57  9986,27
      19  3999,76  1444,75  9986,27
    19,5  3999,76  1504,56  9990,54
      20  3999,76  1545,46  9994,81
    20,5  3999,76  1608,94  9986,27
      21  3999,76  1649,83  9980,77
    21,5  3999,76  1697,44  9994,81
      22  3999,76   1736,5  9993,59
    22,5  3999,76   1771,9  9989,32
      23  3999,76  1815,85  9994,81
    23,5  3999,76  1873,23  9992,98
      24  3999,76  1907,41  9992,98
    24,5  3999,76  1950,74  9995,42
      25  3999,76  1998,96  9994,81
    25,5  3999,76  2049,62  9995,42
      26  3999,76  2094,79  9994,81
    26,5  3999,76  2141,79  9995,42
      27  3999,76  2174,14  9974,06
    27,5  3999,76   2207,1  9965,51
      28  3999,76  2257,76  9978,33
    28,5  3999,76  2310,25  9995,42
      29  3999,76  2348,09  9995,42
    29,5  3999,76  2381,66  9995,42
      30  3999,76  2415,23  9995,42
    30,5  3999,76  2467,73  9995,42
      31  3999,76  2511,67  9995,42
    31,5  3999,76  2549,52  9995,42
      32  3999,76   2595,9  9995,42
    32,5  3999,76  2643,51  9995,42
      33  3999,76  2702,11  9995,42
    33,5  3999,76  2755,21  9995,42
      34  3999,76  2809,53  9995,42
    34,5  3999,76  2838,22  9995,42
      35  3999,76  2875,45  9995,42
    35,5  3999,76  2927,95  9995,42
      36  3999,76  2956,63  9995,42
    36,5  3999,76  3000,58  9995,42
      37  3999,76  3058,56  9995,42
    37,5  3999,76  3104,95  9995,42
      38  3999,76   3137,3  9995,42
    38,5  3999,76  3174,54  9995,42
      39  3999,76  3220,31  9995,42
    39,5  3999,76  3261,82  9995,42
      40  3999,76  3311,26  9995,42
    40,5  3999,76  3377,18  9995,42
      41  3999,76  3429,67  9995,42
    41,5  3999,76  3474,84  9995,42
      42  3999,76  3529,16  9995,42
    42,5  3999,76  3582,87  9995,42
      43  3999,76   3619,5  9995,42
    43,5  3999,76  3676,26  9995,42
      44  3999,76  3715,93  9990,54
    44,5  3999,76   3767,2  9986,88
      45  3999,76  3811,76  9993,59
    45,5  3999,76  3855,71  9995,42
      46  3999,76  3894,16  9995,42
    46,5  3999,76  3936,28  9995,42
      47  3999,76  3982,67  9995,42
    47,5  3999,76  4011,35   9994,2
      48  3999,76  4059,57  9992,98
    48,5  3999,76  4107,79  9978,33
      49  3999,76  4152,35  9952,09
    49,5  3999,76   4202,4  9951,48
      50  3999,76  4253,67  9968,57
    50,5  3999,76  4287,85  9949,03
      51  3999,76  4336,07  9940,49
    51,5  3999,76  4375,13  9936,22
      52  3999,76  4423,96  9955,75
    52,5  3999,76  4464,86  9968,57
      53  3999,76  4513,69  9971,01
    53,5  3999,76  4551,53  9972,84
      54  3999,76  4583,88  9962,46
    54,5  3999,76  4626,61  9944,15
      55  3999,76  4662,01  9957,58
    55,5  3999,76  4707,79  9980,16
      56  3999,76  4760,28   9994,2
    56,5  3999,76   4808,5  9995,42
      57  3999,76  4853,05  9995,42
    57,5  3999,76  4892,12  9995,42
      58  3999,76  4943,39   9982,6
    58,5  3999,76  4976,96  9978,94
      59  3999,76  5023,35  9992,37
    59,5  3999,76  5066,68  9980,16
      60  3999,76  5124,06  9974,06
    60,5  3999,76  5153,36  9963,07
      61  3999,76   5202,8  9960,02
    61,5  3999,76  5249,79  9966,73
      62  3999,76  5290,69  9986,88
    62,5  3999,76  5325,48  9991,15
      63  3999,76  5388,35  9992,37
    63,5  3999,76  5424,36  9991,15
      64  3999,76  5457,93  9974,67
    64,5  3999,76  5493,94  9969,18
      65  3999,76  5529,34  9973,45
    65,5  3999,76  5583,06  9974,06
      66  3999,76  5627,61  9977,72
    66,5  3999,76  5666,68  9985,05
      67  3999,76  5714,29  9993,59
    67,5  3999,76  5749,69  9995,42
      68  3999,76  5786,92  9995,42
    68,5  3999,76  5833,92  9991,15
      69  3999,76  5871,15  9994,81
    69,5  3999,76  5931,58  9995,42
      70  3999,76  5962,71  9993,59
    70,5  3999,76  5996,89  9992,37
      71  3999,76  6046,94  9986,88
    71,5  3999,76  6082,34  9981,38
      72  3999,76  6122,01  9977,11
    72,5  3999,76  6169,01  9956,36
      73  3999,76  6201,97  9949,03
    73,5  3999,76  6251,41  9963,68
      74  3999,76  6283,76  9963,68
    74,5  3999,76  6325,88  9961,85
      75  3999,76  6369,21  9964,29
    75,5  3999,76  6405,83  9971,62
      76  3999,76  6454,66  9992,37
    76,5  3999,76   6486,4  9994,81
      77  3999,76  6521,81  9994,81
    77,5  3999,76  6564,53  9994,81
      78  3999,76  6602,98   9988,1
    78,5  3999,76  6637,78  9953,92
      79  3999,76  6682,94  9796,44
    79,5  3999,76  6734,82  9796,44
      80  3999,76  6763,51  8790,55
    80,5  3999,76  6795,25  8790,55
      81  3999,76  6836,76  7576,52
    81,5  3999,76  6870,94  7576,52
      82  3999,76   6898,4  6563,31
    82,5  3999,76  6937,47  6563,31
      83  3999,76   6963,1  5568,41
    83,5  3999,76  6994,23  5568,41
      84  3999,76  7008,88  4577,17
    84,5  3999,76  7027,19  4577,17
      85  3999,76  7046,72  3574,33
    85,5  3999,76  7061,98  3574,33
      86  3999,76   7068,7  2495,19
    86,5  3999,76  7085,18  2495,19
      87  3999,76  7082,74  1413,01
    87,5  3999,76  7075,41  1413,01
      88  3999,76  7077,24  438,856
    88,5  3999,76  7062,59  438,856
      89  3999,76     7051  127,567
    89,5  3999,76  7034,52  68,3615
      90  3999,76  7025,97  40,8948
    90,5  3999,76  6999,11  26,2459
      91  3999,76  6983,86  25,6355
    91,5  3999,76     6957  19,5318
      92  3999,76  6933,81  17,0904
    92,5  3999,76  6910,61  12,2074
      93  3999,76  6886,81  9,15555
    93,5  3999,76  6856,29  10,9867
      94  3999,76  6835,54   11,597
    94,5  3999,76  6808,68  12,8178
      95  3999,76  6781,21  9,15555
    95,5  3999,76  6753,75  10,3763
      96  3999,76  6731,16  17,0904
    96,5  3999,76  6699,42   11,597
      97  3999,76  6671,35  7,93481
    97,5  3999,76  6649,37  4,88296
      98  3999,76  6626,79  9,15555
    98,5  3999,76  6596,88  5,49333
      99  3999,76  6572,47  4,27259
    99,5  3999,76  6548,05  8,54518
     100  3999,76  6511,43  7,32444
   100,5  3999,76  6493,73   6,1037
     101  3999,76  6466,87  3,66222
   101,5  3999,76  6441,24  4,88296
     102  3999,76   6409,5  3,05185
   102,5  3999,76  6388,13   6,1037
     103  3999,76  6357,62  4,27259
   103,5  3999,76  6330,76  3,66222
     104  3999,76  6308,79   6,1037
   104,5  3999,76  6278,88  7,32444
     105  3999,76  6255,07  3,05185
   105,5  3999,76  6227,61  3,05185
     106  3999,76  6208,08  4,88296
   106,5  3999,76  6176,95  8,54518
     107  3999,76  6151,92  8,54518
   107,5  3999,76  6125,06   6,1037
     108  3999,76  6101,87  3,66222
   108,5  3999,76  6075,62  9,76592
     109  3999,76  6049,99  8,54518
   109,5  3999,76  6016,42  7,32444
     110  3999,76   5997,5  3,66222
   110,5  3999,76  5973,69  1,83111
     111  3999,76  5939,51  2,44148
   111,5  3999,76  5918,76  4,27259
     112  3999,76  5889,46  7,93481
   112,5  3999,76  5864,44        0
     113  3999,76  5847,35  5,49333
   113,5  3999,76  5812,56  0,61037
     114  3999,76  5790,58  3,66222
   114,5  3999,76   5762,5  6,71407
     115  3999,76  5741,75  6,71407
   115,5  3999,76  5715,51  1,83111
     116  3999,76   5691,7   6,1037
   116,5  3999,76  5669,73  9,15555
     117  3999,76  5635,55  4,88296
   117,5  3999,76  5608,69  5,49333
     118  3999,76  5583,67        0
   118,5  3999,76  5562,91  7,93481
     119  3999,76  5537,28   6,1037
   119,5  3999,76  5510,42  2,44148
     120  3999,76   5485,4  1,22074
   120,5  3999,76  5462,81  10,3763
     121  3999,76  5437,79  10,3763
   121,5  3999,76  5411,54  3,05185
     122  3999,76   5385,3  7,93481
   122,5  3999,76  5357,22  7,93481
     123  3999,76  5327,31  5,49333
   123,5  3999,76  5304,73  5,49333
     124  3999,76   5279,7  7,93481
   124,5  3999,76  5257,73  1,22074
     125  3999,76  5228,43  4,88296
   125,5  3999,76  5205,85  0,61037
     126  3999,76  5175,94  0,61037
   126,5  3999,76   5155,8  4,27259
     127  3999,76  5133,82  3,66222
   127,5  3999,76  5102,08  1,22074
     128  3999,76  5080,72  4,88296
   128,5  3999,76  5056,92  1,22074
     129  3999,76  5034,94  0,61037
   129,5  3999,76  5005,04  2,44148
     130  3999,76  4980,01  2,44148
   130,5  3999,76  4965,36  3,66222
     131  3999,76  4931,79  4,88296
   131,5  3999,76   4908,6  3,05185
     132  3999,76  4884,18  6,71407
   132,5  3999,76  4855,49  1,22074
     133  3999,76  4836,57  4,27259
   133,5  3999,76  4809,11  1,22074
     134  3999,76  4788,35  4,88296
   134,5  3999,76  4757,84  5,49333
     135  3999,76  4730,98  6,71407
   135,5  3999,76  4710,23  6,71407
     136  3999,76  4686,42  2,44148
   136,5  3999,76  4660,79  2,44148
     137  3999,76   4632,1  4,27259
   137,5  3999,76  4608,91  4,27259
     138  3999,76   4591,2  9,76592
   138,5  3999,76  4560,69  2,44148
     139  3999,76  4536,88  5,49333
   139,5  3999,76  4511,86  3,05185
     140  3999,76  4488,66  1,22074
   140,5  3999,76   4467,3  6,71407
     141  3999,76  4447,16  3,66222
   141,5  3999,76  4412,98  3,05185
     142  3999,76  4398,33   6,1037
   142,5  3999,76  4365,98  1,22074
     143  3999,76  4348,28  0,61037
   143,5  3999,76  4318,98  4,27259
     144  3999,76  4297,01  3,66222
   144,5  3999,76  4276,86  3,66222
     145  3999,76  4250,62  3,05185
   145,5  3999,76  4223,15  6,71407
     146  3999,76  4203,01        0
   146,5  3999,76  4174,93  7,32444
     147  3999,76   4155,4  3,66222
   147,5  3999,76  4127,32  1,22074
     148  3999,76  4107,18  0,61037
   148,5  3999,76  4087,04  3,66222
     149  3999,76   4061,4  4,88296
   149,5  3999,76  4038,82  9,15555
     150  3999,76  4011,96  5,49333
   150,5  3999,76  3988,77   6,1037
     151  3999,76  3967,41  6,71407
   151,5  3999,76  3933,84  0,61037
     152  3999,76  3913,08  3,66222
   152,5  3999,76  3888,67  2,44148
     153  3999,76  3872,19  5,49333
   153,5  3999,76  3848,38  0,61037
     154  3999,76  3823,97  1,22074
   154,5  3999,76  3800,78  1,83111
     155  3999,76  3777,58  7,32444
   155,5  3999,76  3751,34  3,66222
     156  3999,76  3728,14  0,61037
   156,5  3999,76  3705,56  0,61037
     157  3999,76  3688,47  0,61037
   157,5  3999,76  3662,83  2,44148
     158  3999,76  3635,98  3,66222
   158,5  3999,76  3617,05   6,1037
     159  3999,76  3588,37  8,54518
   159,5  3999,76  3570,67  8,54518
     160  3999,76  3538,93  3,66222
   160,5  3999,76  3522,45        0
     161  3999,76  3497,42  3,05185
   161,5  3999,76  3480,33  6,71407
     162  3999,76  3451,64  9,15555
   162,5  3999,76  3432,72  3,05185
     163  3999,76  3410,14  4,27259
   163,5  3999,76  3383,28  4,27259
     164  3999,76  3357,04  3,05185
   164,5  3999,76  3335,67  7,32444
     165  3999,76  3309,43  3,66222
   165,5  3999,76  3295,39  1,22074
     166  3999,76  3270,97  1,22074
   166,5  3999,76  3240,46  2,44148
     167  3999,76  3223,98  3,66222
   167,5  3999,76   3195,9  3,66222
     168  3999,76  3180,64  5,49333
   168,5  3999,76  3157,45  0,61037
     169  3999,76  3138,52  3,66222
   169,5  3999,76  3112,28  3,66222
     170  3999,76  3084,81  1,83111
   170,5  3999,76  3064,06  3,05185
     171  3999,76  3042,08  4,27259
   171,5  3999,76  3020,72  4,27259
     172  3999,76   3001,8  1,83111
   172,5  3999,76  2981,66  3,66222
     173  3999,76  2957,24  3,05185
   173,5  3999,76  2932,83  9,76592
     174  3999,76  2915,13  4,27259
   174,5  3999,76  2887,05  0,61037
     175  3999,76  2865,08        0
   175,5  3999,76  2846,77        0
     176  3999,76  2822,35  4,88296
   176,5  3999,76  2804,65  3,05185
     177  3999,76  2781,46  3,05185
   177,5  3999,76  2758,87  2,44148
     178  3999,76   2736,9  2,44148
   178,5  3999,76  2716,15  1,83111
     179  3999,76  2689,29  3,05185
   179,5  3999,76  2673,42  5,49333
     180  3999,76  2651,45  5,49333
   180,5  3999,76   2625,2  4,27259
     181  3999,76  2612,99   6,1037
   181,5  3999,76  2579,42   6,1037
     182  3999,76  2564,78  1,83111
   182,5  3999,76  2544,63  0,61037
     183  3999,76  2520,22  1,22074
   183,5  3999,76  2498,86  1,22074
     184  3999,76  2470,78  1,83111
   184,5  3999,76  2457,96  0,61037
     185  3999,76  2437,21  0,61037
   185,5  3999,76  2410,96  1,83111
     186  3999,76  2390,82  4,27259
   186,5  3999,76  2368,24  6,71407
     187  3999,76  2346,26  2,44148
   187,5  3999,76  2323,68  4,27259
     188  3999,76  2303,54  4,88296
   188,5  3999,76  2280,34  4,88296
     189  3999,76  2268,14  2,44148
   189,5  3999,76  2244,33  3,66222
     190  3999,76  2220,53  6,71407
   190,5  3999,76  2196,72  7,32444
     191  3999,76  2174,14  7,32444
   191,5  3999,76  2163,15  1,83111
     192  3999,76  2135,69  1,83111
   192,5  3999,76  2121,04  4,27259
     193  3999,76  2097,23  7,93481
   193,5  3999,76  2073,43  6,71407
     194  3999,76  2055,73  0,61037
   194,5  3999,76  2030,09  2,44148
     195  3999,76  2011,78  1,22074
   195,5  3999,76  1991,03  6,71407
     196  3999,76  1975,16  4,88296
   196,5  3999,76  1948,91  7,32444
     197  3999,76  1925,72  2,44148
   197,5  3999,76   1912,9  4,88296
     198  3999,76  1886,65  3,66222
   198,5  3999,76  1873,84   6,1037
     199  3999,76  1852,47  9,15555
   199,5  3999,76  1831,11  20,1422
     200  3999,76  1807,92  20,1422
   200,5  3999,76  1792,66  914,945
     201  3999,76  1776,18  914,945
   201,5  3999,76  1769,46  2185,74
     202  3999,76  1761,53  2185,74
   202,5  3999,76  1750,54  3179,42
     203  3999,76  1749,32  3179,42
   203,5  3999,76  1749,93  4041,26
     204  3999,76   1754,2  4041,26
   204,5  3999,76  1760,31  4848,17
     205  3999,76  1767,02  4848,17
   205,5  3999,76  1778,01   5656,3
     206  3999,76  1788,99   5656,3
   206,5  3999,76  1812,19  6483,96
     207  3999,76  1821,34  6483,96
   207,5  3999,76  1838,44  7256,69
     208  3999,76  1858,58  7256,69
   208,5  3999,76  1881,16  7964,72
     209  3999,76  1900,69  7964,72
   209,5  3999,76  1927,55  8641,62
     210  3999,76  1952,57  8641,62
   210,5  3999,76  1975,16  9247,11
     211  3999,76  2006,29  9247,11
   211,5  3999,76   2024,6  9679,86
     212  3999,76  2055,12  9798,27
   212,5  3999,76  2081,97  9856,26
     213  3999,76  2118,59  9878,84
   213,5  3999,76  2157,66  9909,97
     214  3999,76  2186,35  9930,11
   214,5  3999,76  2219,31  9920,35
     215  3999,76  2258,98  9927,67
   215,5  3999,76  2291,94  9932,55
     216  3999,76  2331,61  9961,85
   216,5  3999,76  2361,52  9961,85
     217  3999,76  2393,26  9980,16
   217,5  3999,76  2434,16  9986,88
     218  3999,76  2459,79  9985,66
   218,5  3999,76  2509,23  9978,94
     219  3999,76  2551,96  9963,68
   219,5  3999,76  2580,03  9953,31
     220  3999,76  2616,66  9992,37
   220,5  3999,76  2649,01  9992,98
     221  3999,76  2699,06  9983,83
   221,5  3999,76  2746,67  9983,21
     222  3999,76  2791,83  9993,59
   222,5  3999,76  2816,25  9995,42
     223  3999,76  2859,58   9994,2
   223,5  3999,76  2902,92  9963,07
     224  3999,76  2941,37  9967,96
   224,5  3999,76  2989,59  9966,73
     225  3999,76   3031,1   9976,5
   225,5  3999,76  3098,24  9981,99
     226  3999,76  3126,93  9983,21
   226,5  3999,76  3170,26  9961,24
     227  3999,76  3223,36  9956,36
   227,5  3999,76  3271,58  9950,87
     228  3999,76   3313,7  9967,96
   228,5  3999,76   3349,1  9987,49
     229  3999,76   3402,2  9994,81
   229,5  3999,76  3460,19  9985,66
     230  3999,76  3493,15  9975,28
   230,5  3999,76     3520  9983,21
     231  3999,76   3584,7  9995,42
   231,5  3999,76  3618,27   9976,5
     232  3999,76  3665,27  9966,12
   232,5  3999,76  3704,34  9972,84
     233  3999,76  3770,26  9971,62
   233,5  3999,76   3814,2  9980,16
     234  3999,76  3875,85   9941,1
   234,5  3999,76  3924,07  9931,33
     235  3999,76  3961,91  9934,38
   235,5  3999,76  4010,13   9958,8
     236  3999,76  4052,25  9966,73
   236,5  3999,76  4104,74   9964,9
     237  3999,76  4138,31  9957,58
   237,5  3999,76  4179,81  9959,41
     238  3999,76  4228,03  9972,23
   238,5  3999,76  4267,71  9954,53
     239  3999,76  4321,42  9951,48
   239,5  3999,76  4363,54  9956,36
     240  3999,76  4417,25  9966,12
   240,5  3999,76  4458,14  9963,07
     241  3999,76  4499,04  9954,53
   241,5  3999,76  4533,83  9948,42
     242  3999,76  4581,44  9960,63
   242,5  3999,76  4618,06  9968,57
     243  3999,76  4655,29  9973,45
   243,5  3999,76  4710,84  9917,29
     244  3999,76  4748,68  9798,27
   244,5  3999,76  4795,68  9646,29
     245  3999,76  4830,47  9646,29
   245,5  3999,76  4864,65  9137,24
     246  3999,76  4915,31  9137,24
   246,5  3999,76  4946,44  8582,42
     247  3999,76  4986,11  8582,42
   247,5  3999,76  5029,45   8034,3
     248  3999,76  5069,12   8034,3
   248,5  3999,76  5097,81  7420,88
     249  3999,76  5138,71  7420,88
   249,5  3999,76  5167,39  6804,41
     250  3999,76  5189,37  6804,41
   250,5  3999,76  5213,78  6214,79
     251  3999,76  5247,35  6214,79
   251,5  3999,76   5279,7  5615,41
     252  3999,76  5307,78  5615,41
   252,5  3999,76  5323,65  5025,79
     253  3999,76  5334,02  5025,79
   253,5  3999,76  5349,28  4394,06
     254  3999,76  5360,88  4394,06
   254,5  3999,76  5371,26  3828,85
     255  3999,76  5379,19  3828,85
   255,5  3999,76  5396,28  3277,69
     256  3999,76  5407,27  3277,69
   256,5  3999,76  5407,88  2729,58
     257  3999,76  5407,27  2729,58
   257,5  3999,76   5415,2  2138,74
     258  3999,76  5407,88  2138,74
   258,5  3999,76  5399,33  1542,41
     259  3999,76  5392,62  1542,41
   259,5  3999,76  5382,85  602,435
     260  3999,76  5365,76  602,435
   260,5  3999,76  5349,89  175,176
     261  3999,76  5335,86  95,8281
   261,5  3999,76  5312,05  62,8681
     262  3999,76  5287,64  43,9467
   262,5  3999,76  5263,22  24,4148
     263  3999,76  5243,08  14,0385
   263,5  3999,76  5213,17  6,71407
     264  3999,76  5189,37  10,9867
   264,5  3999,76  5163,12  9,15555
     265  3999,76   5138,1  6,71407
   265,5  3999,76  5117,95  9,76592
     266  3999,76  5092,32  13,4281
   266,5  3999,76  5072,79  5,49333
     267  3999,76  5052,03  7,93481
   267,5  3999,76  5025,79  7,32444
     268  3999,76  4994,05  6,71407
   268,5  3999,76   4961,7  9,15555
     269  3999,76  4942,17  14,0385
   269,5  3999,76  4924,47  3,05185
     270  3999,76  4895,78  4,88296
   270,5  3999,76  4869,53  2,44148
     271  3999,76  4841,46   11,597
   271,5  3999,76  4816,43  3,66222
     272  3999,76   4790,8  4,88296
   272,5  3999,76  4773,09  0,61037
     273  3999,76  4751,73  1,22074
   273,5  3999,76  4722,43  4,88296
     274  3999,76  4694,36  7,32444
   274,5  3999,76  4674,83  4,27259
     275  3999,76  4657,12  3,05185
   275,5  3999,76  4632,71        0
     276  3999,76  4606,46  4,27259
   276,5  3999,76  4580,22   6,1037
     277  3999,76  4552,75  7,93481
   277,5  3999,76  4528,34  7,93481
     278  3999,76  4502,09  9,76592
   278,5  3999,76  4480,73  6,71407
     279  3999,76  4452,04  3,66222
   279,5  3999,76  4430,07  4,88296
     280  3999,76  4401,99  3,05185
   280,5  3999,76  4384,29  1,83111
     281  3999,76  4351,33  1,83111
   281,5  3999,76  4333,63  1,83111
     282  3999,76  4301,89  1,83111
   282,5  3999,76  4278,08  3,66222
     283  3999,76  4264,66  3,05185
   283,5  3999,76   4237,8        0
     284  3999,76  4210,94  7,93481
   284,5  3999,76  4185,31  7,93481
     285  3999,76  4163,33  7,93481
   285,5  3999,76  4139,53  7,93481
     286  3999,76  4121,22  6,71407
   286,5  3999,76  4092,53  1,22074
     287  3999,76  4075,44  3,66222
   287,5  3999,76  4053,47  8,54518
     288  3999,76  4025,39  8,54518
   288,5  3999,76  3997,31  4,88296
     289  3999,76  3972,29  1,22074
   289,5  3999,76  3947,26   6,1037
     290  3999,76  3928,95  4,27259
   290,5  3999,76  3903,32  7,93481
     291  3999,76  3880,12  9,15555
   291,5  3999,76  3858,15  9,15555
     292  3999,76  3838,01  0,61037
   292,5  3999,76  3811,76   6,1037
     293  3999,76  3785,52  10,3763
   293,5  3999,76  3763,54  6,71407
     294  3999,76   3737,3  7,32444
   294,5  3999,76  3710,44  0,61037
     295  3999,76  3687,25  1,83111
   295,5  3999,76  3667,71  3,66222
     296  3999,76  3651,23  1,83111
   296,5  3999,76  3627,43  2,44148
     297  3999,76  3600,57  2,44148
   297,5  3999,76  3577,38  3,66222
     298  3999,76   3560,9   6,1037
   298,5  3999,76  3527,94   6,1037
     299  3999,76  3510,85  4,27259
   299,5  3999,76  3482,77  2,44148
     300  3999,76  3464,46  1,22074
   300,5  3999,76   3443,1  7,32444
     301  3999,76  3416,85   11,597
   301,5  3999,76  3397,93   6,1037
     302  3999,76  3377,79  7,93481
   302,5  3999,76  3345,44  51,8815
     303  3999,76  3328,96  51,8815
   303,5  3999,76  3300,88  953,398
     304  3999,76  3291,12  953,398
   304,5  3999,76  3277,08  1686,45
     305  3999,76  3264,87  1686,45
   305,5  3999,76  3248,39   2160,1
     306  3999,76  3241,07   2160,1
   306,5  3999,76  3229,47  2569,66
     307  3999,76  3219,09   2766,2
   307,5  3999,76  3214,82  2962,74
     308  3999,76  3209,33  3138,52
   308,5  3999,76  3212,38  3303,32
     309  3999,76  3200,78  3466,29
   309,5  3999,76  3203,83  3624,38
     310  3999,76  3203,22  3774,53
   310,5  3999,76  3208,11  3932,61
     311  3999,76  3208,72  4079,71
   311,5  3999,76  3208,72  4218,88
     312  3999,76  3217,87  4374,52
   312,5  3999,76   3219,7  4506,97
     313  3999,76  3227,64  4627,83
   313,5  3999,76  3226,42  4756,61
     314  3999,76  3233,74  4884,18
   314,5  3999,76  3245,95  5004,43
     315  3999,76  3252,66  5115,51
   315,5  3999,76  3255,71  5221,11
     316  3999,76  3267,31  5316,93
   316,5  3999,76  3286,84  5412,15
     317  3999,76  3299,05  5522,63
   317,5  3999,76  3305,76  5622,73
     318  3999,76  3318,58  5699,03
   318,5  3999,76  3338,11  5761,89
     319  3999,76   3349,1  5843,07
   319,5  3999,76  3367,41  5916,32
     320  3999,76  3381,45  6012,76
   320,5  3999,76  3401,59  6089,66
     321  3999,76  3416,24   6162,3
   321,5  3999,76  3433,94  6213,57
     322  3999,76  3451,64  6261,18
   322,5  3999,76  3473,01  6322,82
     323  3999,76   3484,6  6369,21
   323,5  3999,76  3502,91  6399,12
     324  3999,76  3522,45  6453,44
   324,5  3999,76  3543,81  6488,23
     325  3999,76  3565,78  6510,21
   325,5  3999,76  3585,92  6532,79
     326  3999,76  3598,74  6544,39
   326,5  3999,76  3623,16   6551,1
     327  3999,76  3640,25  6546,22
   327,5  3999,76  3658,56   6568,8
     328  3999,76  3682,36  6579,79
   328,5  3999,76  3700,06  6550,49
     329  3999,76  3727,53  6544,39
   329,5  3999,76  3747,67   6527,3
     330  3999,76  3763,54  6526,69
   330,5  3999,76  3781,24  6497,39
     331  3999,76  3809,93  6472,37
   331,5  3999,76  3828,85  6435,74
     332  3999,76  3848,38  6408,89
   332,5  3999,76  3865,47  6394,24
     333  3999,76  3885,62  6361,28
   333,5  3999,76  3909,42  6305,12
     334  3999,76  3930,78  6255,07
   334,5  3999,76  3961,91  6222,11
     335  3999,76  3971,68  6182,44
   335,5  3999,76  3996,09  6136,66
     336  3999,76  4009,52  6075,01
   336,5  3999,76  4041,26  6002,38
     337  3999,76  4050,42  5905,94
   337,5  3999,76   4079,1  5843,07
     338  3999,76  4092,53  5771,05
   338,5  3999,76  4115,12  5694,75
     339  3999,76  4124,27  5620,29
   339,5  3999,76  4133,43  5540,94
     340  3999,76  4147,47  5454,27
   340,5  3999,76  4171,27   5385,3
     341  3999,76  4182,26  5345,62
   341,5  3999,76  4198,74  5275,43
     342  3999,76  4214,61  5200,96
   342,5  3999,76  4215,22  5144,81
     343  3999,76  4231,09  5066,07
   343,5  3999,76  4245,73  4973,91
     344  3999,76  4254,89  4892,12
   344,5  3999,76  4275,03  4815,82
     345  3999,76  4281,75  4736,47
   345,5  3999,76  4292,73  4652,24
     346  3999,76  4304,33   4591,2
   346,5  3999,76   4320,2  4503,31
     347  3999,76  4325,08  4424,57
   347,5  3999,76  4336,07  4341,56
     348  3999,76  4342,17  4235,97
   348,5  3999,76  4348,89  4165,17
     349  3999,76  4360,48  4091,31
   349,5  3999,76  4372,08  4003,42
     350  3999,76  4369,64  3922,24
   350,5  3999,76   4373,3  3836,79
     351  3999,76  4376,96  3733,02
   351,5  3999,76  4372,08  3631,09
     352  3999,76  4384,29  3542,59
   352,5  3999,76  4390,39  3462,02
     353  3999,76  4387,34  3402,81
   353,5  3999,76  4381,24  3313,09
     354  3999,76  4383,07  3236,79
   354,5  3999,76  4373,91  3158,67
     355  3999,76  4373,91  3082,37
   355,5  3999,76  4379,41  3014,62
     356  3999,76  4380,02  2946,87
   356,5  3999,76  4378,19  2887,66
     357  3999,76  4369,64  2830,29
   357,5  3999,76  4375,13  2774,74
     358  3999,76  4361,71  2708,21
   358,5  3999,76  4356,82  2658,77
     359  3999,76  4359,26  2609,33
   359,5  3999,76  4352,55  2555,01
     360  3999,76  4347,67   2501,3
   360,5  3999,76  4339,12  2448,19
     361  3999,76  4337,29  2390,21
   361,5  3999,76   4326,3   2354,2
     362  3999,76  4326,91  2330,39
   362,5  3999,76  4309,21  2292,55
     363  3999,76  4303,11  2244,33
   363,5  3999,76  4301,89  2198,55
     364  3999,76  4289,07  2169,26
   364,5  3999,76  4282,36  2132,63
     365  3999,76  4272,59   2101,5
   365,5  3999,76  4262,21  2072,82
     366  3999,76  4253,06  2047,79
   366,5  3999,76  4239,02  2029,48
     367  3999,76  4228,64     2013
   367,5  3999,76  4229,25  2025,82
     368  3999,76  4216,44  2032,53
   368,5  3999,76  4205,45  2025,82
     369  3999,76  4199,96  2004,46
   369,5  3999,76  4181,65  1975,77
     370  3999,76  4176,76  1956,24
   370,5  3999,76  4163,33  1951,35
     371  3999,76  4157,23  1956,85
   371,5  3999,76  4140,14  1941,59
     372  3999,76   4126,1  1937,31
   372,5  3999,76  4116,34  1943,42
     373  3999,76  4107,79  1955,02
   373,5  3999,76  4101,69  1980,04
     374  3999,76  4085,21   2006,9
   374,5  3999,76  4076,66  2020,94
     375  3999,76  4067,51  2032,53
   375,5  3999,76  4054,08     2060
     376  3999,76  4045,53  2076,48
   376,5  3999,76  4039,43   2101,5
     377  3999,76  4030,88  2139,35
   377,5  3999,76  4013,79  2155,22
     378  3999,76  4004,64  2168,03
   378,5  3999,76  3998,54  2194,28
     379  3999,76  3983,89  2212,59
   379,5  3999,76  3980,83  2244,94
     380  3999,76  3971,68  2270,58
   380,5  3999,76  3961,91  2308,42
     381  3999,76  3954,59  2338,33
   381,5  3999,76  3953,98  2381,05
     382  3999,76  3941,16  2424,39
   382,5  3999,76  3928,34  2468,34
     383  3999,76   3925,9  2492,75
   383,5  3999,76  3924,07  2526,32
     384  3999,76  3911,25  2569,05
   384,5  3999,76  3906,37  2608,72
     385  3999,76  3905,15  2639,24
   385,5  3999,76   3890,5  2700,28
     386  3999,76  3883,18  2732,02
   386,5  3999,76  3881,34  2775,96
     387  3999,76  3872,19  2819,91
   387,5  3999,76  3873,41  2863,86
     388  3999,76  3866,08  2912,08
   388,5  3999,76  3856,32  2970,06
     389  3999,76  3847,77  3008,51
   389,5  3999,76  3852,66  3042,08
     390  3999,76  3846,55  3085,42
   390,5  3999,76  3834,96  3122,65
     391  3999,76  3839,84  3161,11
   391,5  3999,76  3841,06  3201,39
     392  3999,76  3841,06  3263,65
   392,5  3999,76  3834,35  3303,32
     393  3999,76  3830,68  3328,35
   393,5  3999,76  3833,12  3366,19
     394  3999,76  3834,96  3427,84
   394,5  3999,76  3834,96  3461,41
     395  3999,76  3824,58  3473,62
   395,5  3999,76  3827,63  3482,16
     396  3999,76   3825,8  3498,64
   396,5  3999,76  3827,02  3548,69
     397  3999,76   3825,8  3594,47
   397,5  3999,76  3823,97  3637,81
     398  3999,76  3825,19     3661
   398,5  3999,76  3827,02  3681,75
     399  3999,76  3823,36   3684,8
   399,5  3999,76  3823,97  3718,99
     400  3999,76  3819,09   3761,1
   400,5  3999,76  3828,85  3806,27
     401  3999,76  3830,07  3836,18
   401,5  3999,76  3828,24  3870,36
     402  3999,76   3831,9   3896,6
   402,5  3999,76  3836,18  3911,25
     403  3999,76  3834,35  3929,56
   403,5  3999,76  3834,96  3952,15
     404  3999,76  3836,18  3992,43
   404,5  3999,76  3842,89  4009,52
     405  3999,76  3848,38  4038,21
   405,5  3999,76  3848,99  4065,68
     406  3999,76  3851,44   4079,1
   406,5  3999,76   3861,2  4096,19
     407  3999,76  3878,29  4114,51
   407,5  3999,76  3875,24  4132,21
     408  3999,76  3881,34  4141,36
   408,5  3999,76  3888,67  4134,65
     409  3999,76  3897,82  4150,52
   409,5  3999,76  3895,38  4158,45
     410  3999,76  3897,82  4164,56
   410,5  3999,76  3899,66  4138,31
     411  3999,76  3906,98  4132,82
   411,5  3999,76  3899,66   4137,7
     412  3999,76  3905,15   4126,1
   412,5  3999,76  3909,42  4120,61
     413  3999,76  3917,36  4146,85
   413,5  3999,76  3919,19  4152,35
     414  3999,76  3926,51  4153,57
   414,5  3999,76  3932,61   4161,5
     415  3999,76  3948,48  4164,56
   415,5  3999,76  3946,04  4167,61
     416  3999,76  3957,03  4167,61
   416,5  3999,76  3965,58  4138,92
     417  3999,76  3974,12  4112,67
   417,5  3999,76  3979,61  4098,64
     418  3999,76  3985,11  4082,16
   418,5  3999,76  3985,72  4065,07
     419  3999,76  3983,89  4060,79
   419,5  3999,76  3995,48  4046,14
     420  3999,76  4000,37  4038,21
   420,5  3999,76  4001,59  4026,61
     421  3999,76   4002,2  4010,74
   421,5  3999,76   4008,3  3983,28
     422  3999,76  4021,12  3966,19
   422,5  3999,76  4029,05  3949,71
     423  3999,76   4019,9   3937,5
   423,5  3999,76  4020,51  3913,69
     424  3999,76     4026  3901,49
   424,5  3999,76  4032,11  3894,77
     425  3999,76  4032,72   3890,5
   425,5  3999,76   4049,2  3876,46
     426  3999,76  4046,14  3852,05
   426,5  3999,76  4053,47  3845,94
     427  3999,76  4052,25  3818,48
   427,5  3999,76  4063,23  3792,23
     428  3999,76  4063,84  3783,68
   428,5  3999,76  4064,46  3772,09
     429  3999,76  4062,62  3735,47
   429,5  3999,76  4069,34  3715,32
     430  3999,76  4070,56  3702,51
   430,5  3999,76  4071,78  3700,67
     431  3999,76  4071,17  3676,87
   431,5  3999,76  4077,27  3659,78
     432  3999,76  4073,61  3640,25
   432,5  3999,76  4077,88  3620,72
     433  3999,76  4083,99  3611,56
   433,5  3999,76  4091,31  3579,82
     434  3999,76  4082,16  3550,52
   434,5  3999,76  4082,77  3534,04
     435  3999,76  4078,49  3503,52
   435,5  3999,76   4079,1   3478,5
     436  3999,76  4073,61  3465,07
   436,5  3999,76  4085,21  3455,31
     437  3999,76  4086,43  3436,99
   437,5  3999,76  4086,43   3437,6
     438  3999,76  4089,48  3427,23
   438,5  3999,76  4081,55  3399,76
     439  3999,76  4085,21  3390,61
   439,5  3999,76   4084,6  3361,92
     440  3999,76  4087,65  3352,76
   440,5  3999,76  4088,26  3361,31
     441  3999,76  4086,43  3357,65
   441,5  3999,76   4090,7  3341,17
     442  3999,76  4085,21  3321,02
   442,5  3999,76  4075,44  3303,32
     443  3999,76  4081,55   3284,4
   443,5  3999,76  4082,77  3267,31
     444  3999,76  4078,49  3270,36
   444,5  3999,76  4077,88   3260,6
     445  3999,76  4071,78  3252,66
   445,5  3999,76  4069,34  3234,35
     446  3999,76   4066,9  3226,42
   446,5  3999,76  4065,68  3218,48
     447  3999,76  4071,78  3222,14
   447,5  3999,76  4070,56  3209,94
     448  3999,76  4063,23  3206,27
   448,5  3999,76  4052,86  3191,02
     449  3999,76   4055,3  3172,09
   449,5  3999,76  4057,74  3173,93
     450  3999,76  4053,47  3192,85
   450,5  3999,76  4054,69   3207,5
     451  3999,76  4050,42  3200,78
   451,5  3999,76  4057,74  3187,96
     452  3999,76   4043,7  3164,16
   452,5  3999,76  4048,59  3146,46
     453  3999,76  4043,09  3129,37
   453,5  3999,76  4039,43  3126,32
     454  3999,76  4041,26  3117,77
   454,5  3999,76  4025,39  3133,64
     455  3999,76  4028,44  3132,42
   455,5  3999,76  4028,44  3121,43
     456  3999,76  4025,39  3116,55
   456,5  3999,76  4025,39  3126,93
     457  3999,76  4028,44  3134,86
   457,5  3999,76  4016,85  3134,25
     458  3999,76  4022,95  3136,08
   458,5  3999,76  4018,07  3130,59
     459  3999,76  4017,46  3134,86
   459,5  3999,76  4016,24  3133,64
     460  3999,76  4004,64  3145,24
   460,5  3999,76  4007,69  3136,69
     461  3999,76  4004,64  3154,39
   461,5  3999,76  4002,81  3178,81
     462  3999,76  3997,31   3166,6
   462,5  3999,76  3992,43  3159,89
     463  3999,76   3990,6  3163,55
   463,5  3999,76   3990,6  3167,82
     464  3999,76  3978,39  3183,08
   464,5  3999,76  3977,78  3186,13
     465  3999,76  3977,78     3202
   465,5  3999,76   3972,9  3231,91
     466  3999,76  3976,56  3261,21
   466,5  3999,76  3969,85  3275,25
     467  3999,76   3972,9   3284,4
   467,5  3999,76  3969,85  3277,69
     468  3999,76  3968,63  3298,44
   468,5  3999,76   3972,9  3324,08
     469  3999,76  3969,24  3339,95
   469,5  3999,76   3966,8  3368,63
     470  3999,76  3963,13  3361,31
   470,5  3999,76  3962,52  3368,63
     471  3999,76  3957,64  3379,01
   471,5  3999,76  3958,86  3379,01
     472  3999,76   3966,8  3387,55
   472,5  3999,76  3957,03  3409,53
     473  3999,76   3955,2  3428,45
   473,5  3999,76  3952,15  3433,94
     474  3999,76  3951,54  3435,77
   474,5  3999,76   3961,3  3451,64
     475  3999,76  3962,52  3458,97
   475,5  3999,76  3963,74  3468,12
     476  3999,76  3957,03  3464,46
   476,5  3999,76  3954,59  3474,23
     477  3999,76  3960,69  3466,29
   477,5  3999,76  3959,47  3480,33
     478  3999,76  3956,42   3502,3
   478,5  3999,76  3957,64  3519,39
     479  3999,76  3954,59  3518,17
   479,5  3999,76  3951,54  3523,06
     480  3999,76  3949,71  3522,45
   480,5  3999,76  3949,71  3544,42
     481  3999,76  3955,81  3546,86
   481,5  3999,76  3945,43  3561,51
     482  3999,76  3942,99  3566,39
   482,5  3999,76  3942,99  3558,46
     483  3999,76   3949,1   3560,9
   483,5  3999,76  3953,37  3585,92
     484  3999,76  3950,32  3604,24
   484,5  3999,76  3960,08  3622,55
     485  3999,76  3960,08  3617,66
   485,5  3999,76  3960,69  3617,66
     486  3999,76   3966,8  3623,77
   486,5  3999,76  3971,68  3630,48
     487  3999,76  3969,85  3641,47
   487,5  3999,76  3970,46  3640,86
     488  3999,76  3974,73   3637,2
   488,5  4799,95  3977,17  3634,14
     489  4799,95  3975,95  3624,38
   489,5  4799,95  3969,85  3624,38
     490  4799,95  3969,24  4788,35
   490,5  4799,95  3980,83  4788,35
     491  4799,95  3986,94  6197,09
   491,5  4799,95  4002,81  6197,09
     492  4799,95  4028,44  6769,62
   492,5  4799,95  4042,48  6947,84
     493  4799,95  4059,57  7072,36
   493,5  4799,95  4076,66  7153,54
     494  4799,95  4105,35  7234,72
   494,5  4799,95   4126,1  7315,29
     495  4799,95  4139,53  7384,87
   495,5  4799,95  4159,67  7448,35
     496  4799,95  4183,48  7489,24
   496,5  4799,95  4209,72   7527,7
     497  4799,95  4224,37  7578,97
   497,5  4799,95  4244,51  7618,03
     498  4799,95  4270,76  7649,16
   498,5  4799,95  4299,45  7672,96
     499  4799,95  4322,03  7685,17
   499,5  4799,95   4355,6  7694,94
     500  4799,95  4374,52  7696,16
   500,5  4799,95  4403,82  7725,46
     501  4799,95  4427,63  7715,08
   501,5  4799,95  4458,14  7696,16
     502  4799,95  4488,05  7680,29
   502,5  4799,95  4513,69  7675,41
     503  4799,95  4530,78  7652,82
   503,5  4799,95  4559,47  7639,39
     504  4799,95  4575,95  7633,29
   504,5  4799,95   4620,5  7612,54
     505  4799,95  4641,25  7544,79
   505,5  4799,95  4666,89   7498,4
     506  4799,95  4694,97  7427,59
   506,5  4799,95  4711,45   7357,4
     507  4799,95  4742,58  7281,11
   507,5  4799,95  4765,77  7226,17
     508  4799,95  4792,63   7180,4
   508,5  4799,95  4817,65  7101,66
     509  4799,95  4847,56  7019,87
   509,5  4799,95  4875,03  6931,97
     510  4799,95  4897,61  6841,03
   510,5  4799,95  4924,47  6745,81
     511  4799,95     4944  6654,26
   511,5  4799,95  4964,75  6555,99
     512  4799,95  4983,67  6440,63
   512,5  4799,95  5011,75  6319,77
     513  4799,95  5030,06  6231,27
   513,5  4799,95  5052,03  6139,71
     514  4799,95  5064,85  6018,25
   514,5  4799,95  5080,11  5908,38
     515  4799,95  5101,47   5791,8
   515,5  4799,95  5121,01  5689,87
     516  4799,95  5145,42   5591,6
   516,5  4799,95  5159,46  5473,19
     517  4799,95  5174,72  5366,98
   517,5  4799,95  5196,69  5222,94
     518  4799,95  5206,46  5099,64
   518,5  4799,95  5218,67  4983,67
     519  4799,95   5226,6  4895,17
   519,5  4799,95  5243,69  4797,51
     520  4799,95   5250,4  4690,08
   520,5  4799,95  5260,78  4574,72
     521  4799,95   5268,1  4445,94
   521,5  4799,95  5275,43  4325,08
     522  4799,95  5284,58  4215,83
   522,5  4799,95   5285,2  4107,79
     523  4799,95  5296,79  4016,24
   523,5  4799,95  5299,84  3924,07
     524  4799,95  5302,29  3813,59
   524,5  4799,95  5311,44  3710,44
     525  4799,95  5314,49  3592,03
   525,5  4799,95  5313,88   3507,8
     526  4799,95  5323,04  3401,59
   526,5  4799,95  5321,21  3306,38
     527  4799,95  5318,77  3197,73
   527,5  4799,95  5321,82  3084,81
     528  4799,95  5323,04  2976,78
   528,5  4799,95  5319,38  2871,79
     529  4799,95  5312,66  2770,47
   529,5  4799,95  5305,34  2670,98
     530  4799,95  5298,62  2586,14
   530,5  4799,95   5297,4  2517,17
     531  4799,95  5287,03  2437,21
   531,5  4799,95  5276,04  2354,81
     532  4799,95  5272,99  2280,34
   532,5  4799,95   5255,9  2222,36
     533  4799,95  5243,08  2154,61
   533,5  4799,95  5237,59  2088,08
     534  4799,95  5230,26  2035,58
   534,5  4799,95  5213,78  1986,14
     535  4799,95  5211,95  1940,98
   535,5  4799,95  5200,35  1884,82
     536  4799,95  5188,15  1846,98
   536,5  4799,95  5183,87   1801,2
     537  4799,95  5171,67  1749,93
   537,5  4799,95  5153,97  1704,15
     538  4799,95  5141,15  1657,16
   538,5  4799,95  5131,38  1627,86
     539  4799,95  5118,56  1597,95
   539,5  4799,95  5109,41  1566,82
     540  4799,95  5089,27  1535,08
   540,5  4799,95  5078,89  1516,16
     541  4799,95  5059,36  1510,67
   541,5  4799,95  5041,66  1496,02
     542  4799,95  5037,39  1492,36
   542,5  4799,95   5026,4  1496,63
     543  4799,95  4997,71  1517,38
   543,5  4799,95   4985,5  1522,26
     544  4799,95  4973,91  1514,94
   544,5  4799,95  4956,82  1513,72
     545  4799,95  4945,83  1535,69
   545,5  4799,95   4926,3  1569,26
     546  4799,95  4911,65  1598,56
   546,5  4799,95     4897  1625,42
     547  4799,95  4881,13  1661,43
   547,5  4799,95  4871,97  1697,44
     548  4799,95   4861,6  1720,02
   548,5  4799,95  4848,78   1759,7
     549  4799,95  4839,62  1798,76
   549,5  4799,95  4821,31  1829,28
     550  4799,95  4809,11  1873,23
   550,5  4799,95  4795,07  1893,37
     551  4799,95  4777,98  1931,21
   551,5  4799,95  4774,32  1969,05
     552  4799,95   4761,5   2030,7
   552,5  4799,95  4745,02  2086,86
     553  4799,95  4732,81  2129,58
   553,5  4799,95  4717,55  2154,61
     554  4799,95  4702,29   2213,2
   554,5  4799,95  4698,02  2255,32
     555  4799,95  4694,36  2311,47
   555,5  4799,95  4679,71  2391,43
     556  4799,95  4671,16  2437,82
   556,5  4799,95   4655,9  2494,58
     557  4799,95  4651,63  2559,89
   557,5  4799,95  4642,48  2614,22
     558  4799,95  4635,15  2692,34
   558,5  4799,95  4633,32  2752,77
     559  4799,95  4629,66  2810,14
   559,5  4799,95  4621,72  2860,19
     560  4799,95   4614,4  2902,92
   560,5  4799,95  4600,97  2942,59
     561  4799,95  4607,68   2990,2
   561,5  4799,95  4605,85  3041,47
     562  4799,95  4590,59  3102,51
   562,5  4799,95  4581,44   3160,5
     563  4799,95  4578,39  3202,61
   563,5  4799,95  4572,89  3259,38
     564  4799,95  4579,61   3325,3
   564,5  4799,95  4574,11  3377,18
     565  4799,95  4570,45  3432,11
   565,5  4799,95  4564,35   3472,4
     566  4799,95   4567,4  3498,64
   566,5  4799,95  4563,74  3553,58
     567  4799,95   4567,4  3617,05
   567,5  4799,95  4572,28  3681,14
     568  4799,95  4566,18  3736,08
   568,5  4799,95   4567,4  3778,19
     569  4799,95  4568,62   3819,7
   569,5  4799,95  4558,85  3877,68
     570  4799,95  4563,13  3928,95
   570,5  4799,95  4571,67  3964,96
     571  4799,95   4573,5  4016,85
   571,5  4799,95  4563,74  4044,31
     572  4799,95  4572,28  4070,56
   572,5  4799,95  4569,84  4092,53
     573  4799,95  4577,78  4132,82
   573,5  4799,95  4581,44  4154,18
     574  4799,95  4588,76   4179,2
   574,5  4799,95  4599,14  4217,05
     575  4799,95  4594,26  4232,31
   575,5  4799,95  4598,53  4259,16
     576  4799,95  4600,97  4272,59
   576,5  4799,95  4606,46  4298,84
     577  4799,95  4611,35  4328,75
   577,5  4799,95  4627,22  4357,43
     578  4799,95     4626  4383,68
   578,5  4799,95  4624,16     4391
     579  4799,95   4632,1  4389,78
   579,5  4799,95  4640,03   4408,7
     580  4799,95  4646,14  4437,39
   580,5  4799,95  4656,51   4455,7
     581  4799,95  4648,58  4465,47
   581,5  4799,95  4657,73  4468,52
     582  4799,95  4664,45   4478,9
   582,5  4799,95  4674,21  4499,65
     583  4799,95  4687,03  4515,52
   583,5  4799,95  4685,81  4517,35
     584  4799,95  4694,36  4492,94
   584,5  4799,95   4696,8  4475,23
     585  4799,95   4708,4  4477,07
   585,5  4799,95  4711,45  4475,23
     586  4799,95   4720,6  4482,56
   586,5  4799,95  4726,71  4502,09
     587  4799,95  4741,36  4492,94
   587,5  4799,95  4740,75  4494,77
     588  4799,95  4748,68  4485,61
   588,5  4799,95  4750,51  4466,69
     589  4799,95  4754,17  4457,53
   589,5  4799,95  4766,99  4460,59
     590  4799,95  4780,42  4464,86
   590,5  4799,95  4773,09  4444,11
     591  4799,95  4782,86  4433,73
   591,5  4799,95  4781,03  4401,38
     592  4799,95  4787,13  4386,73
   592,5  4799,95  4793,85  4381,85
     593  4799,95  4802,39  4359,26
   593,5  4799,95  4809,11  4334,24
     594  4799,95  4815,82  4320,81
   594,5  4799,95  4817,04  4313,49
     595  4799,95  4835,96  4298,84
   595,5  4799,95  4840,24  4284,19
     596  4799,95  4842,07  4245,73
   596,5  4799,95  4847,56   4202,4
     597  4799,95  4852,44  4178,59
   597,5  4799,95  4857,94  4174,32
     598  4799,95  4858,55  4163,33
   598,5  4799,95   4861,6  4121,22
     599  4799,95  4870,14  4090,09
   599,5  4799,95  4870,14  4062,62
     600  4799,95  4873,81  4038,21
   600,5  4799,95  4883,57  3995,48
     601  4799,95  4873,81  3987,55
   601,5  4799,95  4875,03  3963,13
     602  4799,95   4873,2  3930,78
   602,5  4799,95  4881,74  3913,08
     603  4799,95  4886,62  3911,25
   603,5  4799,95  4887,84  3892,33
     604  4799,95  4898,83  3876,46
   604,5  4799,95     4897  3867,92
     605  4799,95  4895,78  3847,16
   605,5  4799,95  4899,44  3805,66
     606  4799,95  4906,16  3770,87
   606,5  4799,95   4908,6  3745,23
     607  4799,95   4903,1  3725,09
   607,5  4799,95  4901,88  3701,28
     608  4799,95  4909,21  3674,43
   608,5  4799,95  4911,04  3647,57
     609  4799,95  4918,36  3631,09
   609,5  4799,95  4913,48  3608,51
     610  4799,95  4910,43  3593,86
   610,5  4799,95  4911,04  3559,68
     611  4799,95  4903,71   3543,2
   611,5  4799,95  4909,82  3524,89
     612  4799,95  4912,87  3509,63
   612,5  4799,95  4906,77  3494,37
     613  4799,95  4906,16  3465,07
   613,5  4799,95  4906,16  3450,42
     614  4799,95   4914,7  3423,57
   614,5  4799,95  4911,65  3395,49
     615  4799,95   4914,7  3376,57
   615,5  4799,95  4906,16   3355,2
     616  4799,95  4917,75  3338,11
   616,5  4799,95  4904,93  3335,06
     617  4799,95  4904,93  3327,13
   617,5  4799,95  4896,39  3304,54
     618  4799,95  4902,49  3279,52
   618,5  4799,95  4893,95  3270,97
     619  4799,95  4892,12  3281,35
   619,5  4799,95  4889,68  3261,82
     620  4799,95  4878,69  3243,51
   620,5  4799,95  4879,91  3247,78
     621  4799,95  4884,18  3243,51
   621,5  4799,95  4881,13  3247,17
     622  4799,95  4879,91   3260,6
   622,5  4799,95  4875,03  3262,43
     623  4799,95  4868,31  3259,99
   623,5  4799,95  4870,75  3234,96
     624  4799,95  4873,81  3224,59
   624,5  4799,95  4865,87  3230,69
     625  4799,95   4856,1   3231,3
   625,5  4799,95  4862,82  3214,82
     626  4799,95  4853,05  3214,82
   626,5  4799,95  4855,49  3218,48
     627  4799,95  4846,95  3232,52
   627,5  4799,95  4840,24  3228,25
     628  4799,95  4842,68  3227,64
   628,5  4799,95  4835,96   3231,3
     629  4799,95  4837,79  3233,13
   629,5  4799,95  4841,46  3243,51
     630  4799,95   4838,4  3253,88
   630,5  4799,95  4824,98  3241,68
     631  4799,95  4830,47  3225,81
   631,5  4799,95   4826,2   3213,6
     632  4799,95  4829,86  3234,96
   632,5  4799,95  4823,15  3252,05
     633  4799,95   4820,7  3252,66
   633,5  4799,95  4815,82  3269,14
     634  4799,95  4810,94  3276,47
   634,5  4799,95  4806,67  3274,64
     635  4799,95  4815,82  3282,57
   635,5  4799,95  4809,11  3306,38
     636  4799,95  4797,51  3330,18
   636,5  4799,95  4799,34  3324,08
     637  4799,95   4790,8  3327,13
   637,5  4799,95   4796,9  3339,34
     638  4799,95   4796,9  3362,53
   638,5  4799,95   4796,9  3379,62
     639  4799,95   4790,8  3385,72
   639,5  4799,95  4790,19  3392,44
     640  4799,95  4785,91  3386,33
   640,5  4799,95  4787,74  3383,28
     641  4799,95  4788,96  3385,72
   641,5  4799,95  4790,19  3390,61
     642  4799,95   4785,3  3399,15
   642,5  4799,95  4776,76  3400,37
     643  4799,95  4782,25  3405,26
   643,5  4799,95  4778,59  3415,02
     644  4799,95  4771,26  3421,74
   644,5  4799,95  4769,43  3439,44
     645  4799,95  4766,38  3452,86
   645,5  4799,95  4771,87  3457,75
     646  4799,95  4762,72  3473,62
   646,5  4799,95  4763,33  3496,81
     647  4799,95  4768,21  3509,02
   647,5  4799,95  4766,38  3523,06
     648  4799,95  4759,06  3538,93
   648,5  4799,95  4760,89  3541,37
     649  4799,95  4760,28  3548,08
   649,5  4799,95  4762,11  3559,07
     650  4799,95  4754,17  3563,95
   650,5  4799,95  4760,89  3565,17
     651  4799,95  4760,89  3573,72
   651,5  4799,95   4761,5  3582,26
     652  4799,95  4754,78  3599,96
   652,5  4799,95  4749,29  3591,42
     653  4799,95  4748,07  3579,21
   653,5  4799,95  4746,85  3595,08
     654  4799,95  4754,17  3621,33
   654,5  4799,95  4754,78  3641,47
     655  4799,95  4752,34  3656,12
   655,5  4799,95  4758,45  3670,77
     656  4799,95  4759,67  3679,92
   656,5  4799,95  4757,23  3693,96
     657  4799,95  4762,11  3695,18
   657,5  4799,95  4759,67  3685,42
     658  4799,95  4757,23  3689,69
   658,5  4799,95  4754,78  3686,03
     659  4799,95  4754,17   3672,6
   659,5  4799,95   4761,5   3678,7
     660  4799,95  4763,94  3700,06
   660,5  4799,95  4763,94  3715,32
     661  4799,95  4753,56  3718,38
   661,5  4799,95  4759,67  3705,56
     662  4799,95  4756,61  3693,35
   662,5  4799,95  4757,23  3712,88
     663  4799,95  4762,72  3728,75
   663,5  4799,95  4768,21  3734,24
     664  4799,95  4763,33  3742,18
   664,5  4799,95  4766,99  3751,95
     665  4799,95  4777,37  3752,56
   665,5  4799,95   4779,2  3747,06
     666  4799,95  4775,54  3750,11
   666,5  4799,95  4782,86  3747,67
     667  4799,95  4777,37  3739,13
   667,5  4799,95  4779,81  3733,63
     668  4799,95  4776,15   3731,8
   668,5  4799,95  4773,71  3720,82
     669  4799,95   4779,2  3731,19
   669,5  4799,95   4779,2  3736,08
     670  4799,95  4780,42  3753,17
   670,5  4799,95  4774,32  3754,39
     671  4799,95  4780,42  3755,61
   671,5  4799,95  4781,03  3763,54
     672  4799,95  4777,98  3783,07
   672,5  4799,95  4785,91  3793,45
     673  4799,95  4784,69     3802
   673,5  4799,95  4788,35  3795,28
     674  4799,95  4781,64   3778,8
   674,5  4799,95  4788,35  3780,63
     675  4799,95  4788,35   3784,3
   675,5  4799,95  4789,57  3778,19
     676  4799,95  4791,41  3781,24
   676,5  4799,95  4796,29   3784,3
     677  4799,95  4803,61   3778,8
   677,5  4799,95   4796,9  3780,63
     678  4799,95   4790,8  3781,85
   678,5  4799,95  4795,07  3772,09
     679  4799,95  4795,07   3749,5
   679,5  4799,95  4798,73  3752,56
