Instituto Superior de Engenharia de Lisboa
    Laborat¢rio de Controlo de Sistemas


   Data: 05/04/22
   Hora: 11:44:40

UNIDADES:
   Tempo : seg.
   Canais: mV

POSICAO_DAS_VALVULAS:
   Valvula_A: 0
   Valvula_B: 2
   Valvula_C: 0

PARAMETROS_DO_CONTROLADOR:
   KP=2
   KI=0.4

Controlo: Nivel1

       Tabela de Dados



  Tempo  SetPoint  Nivel1   Caudal 
       0  3999,76        0  0,61037
     0,5  3999,76        0  3,66222
       1  3999,76        0  3,66222
     1,5  3999,76        0  3498,03
       2  3999,76        0  3498,03
     2,5  3999,76        0  7879,88
       3  3999,76        0  7879,88
     3,5  3999,76  68,3615   9375,9
       4  3999,76  172,124   9375,9
     4,5  3999,76  274,056   9711,6
       5  3999,76  348,521  9775,69
     5,5  3999,76  447,401  9825,13
       6  3999,76  557,878  9837,34
     6,5  3999,76  617,084  9849,54
       7  3999,76  700,095  9845,88
     7,5  3999,76  795,923  9843,44
       8  3999,76  905,179  9850,15
     8,5  3999,76  1002,84   9858,7
       9  3999,76  1111,48  9855,65
     9,5  3999,76   1229,9  9831,84
      10  3999,76  1325,11  9834,89
    10,5  3999,76  1411,79  9840,39
      11  3999,76  1505,17  9815,36
    11,5  3999,76  1596,73  9845,88
      12  3999,76  1692,56  9865,41
    12,5  3999,76   1783,5   9864,8
      13  3999,76  1879,94  9853,21
    13,5  3999,76  1973,94  9837,95
      14  3999,76  2074,65  9854,43
    14,5  3999,76  2164,98  9843,44
      15  3999,76  2267,53  9834,89
    15,5  3999,76  2372,51  9830,01
      16  3999,76  2461,01  9794,61
    16,5  3999,76  2580,65  9792,78
      17  3999,76  2674,64  9792,17
    17,5  3999,76  2787,56  9804,38
      18  3999,76  2873,01  9789,73
    18,5  3999,76  2973,72  9772,03
      19  3999,76  3062,23  9762,26
    19,5  3999,76  3151,34  9790,95
      20  3999,76  3243,51  9809,87
    20,5  3999,76  3345,44  9815,97
      21  3999,76  3442,49  9815,36
    21,5  3999,76  3552,96  9794,61
      22  3999,76  3653,68  9800,71
    22,5  3999,76  3746,45  9779,35
      23  3999,76  3842,28  9775,69
    23,5  3999,76  3941,77  9767,14
      24  3999,76  4029,66  9773,25
    24,5  3999,76  4124,88  9765,31
      25  3999,76  4221,93  9760,43
    25,5  3999,76  4305,55  9755,55
      26  3999,76   4384,9   9717,7
    26,5  3999,76  4481,34   9729,3
      27  3999,76  4587,54  9739,68
    27,5  3999,76  4690,08  9736,62
      28  3999,76  4772,48  9739,07
    28,5  3999,76  4852,44  9745,78
      29  3999,76  4928,13   9740,9
    29,5  3999,76  5012,36   9740,9
      30  3999,76  5119,79   9764,7
    30,5  3999,76  5198,52  9765,31
      31  3999,76  5283,36  9778,74
    31,5  3999,76  5370,65  9797,05
      32  3999,76  5470,14  9806,21
    32,5  3999,76  5565,97  9810,48
      33  3999,76  5665,46  9791,56
    33,5  3999,76  5753,35  9770,81
      34  3999,76  5814,39  9764,09
    34,5  3999,76  5891,29  9751,88
      35  3999,76  5995,67  9768,36
    35,5  3999,76  6081,73  9761,04
      36  3999,76  6156,19  9761,04
    36,5  3999,76  6244,09  9781,18
      37  3999,76  6330,15  9775,69
    37,5  3999,76  6405,22  9767,14
      38  3999,76  6492,51  9732,35
    38,5  3999,76  6575,52  9730,52
      39  3999,76  6679,28  9695,12
    39,5  3999,76  6748,25   9511,4
      40  3999,76  6808,68   9511,4
    40,5  3999,76  6870,33  8479,26
      41  3999,76  6933,19  8479,26
    41,5  3999,76  6960,66  7043,67
      42  3999,76  6990,57  7043,67
    42,5  3999,76  7007,05  5484,79
      43  3999,76  7022,31  5484,79
    43,5  3999,76  7019,26  4027,22
      44  3999,76  7005,83  4027,22
    44,5  3999,76  6986,91  2569,05
      45  3999,76  6955,78  2569,05
    45,5  3999,76  6912,44  1231,12
      46  3999,76  6869,72  1231,12
    46,5  3999,76  6823,94  369,884
      47  3999,76  6781,82  195,929
    47,5  3999,76  6734,82   115,36
      48  3999,76  6687,83  58,5955
    48,5  3999,76  6656,09  32,3496
      49  3999,76   6609,7  26,8563
    49,5  3999,76   6562,7  21,9733
      50  3999,76   6527,3  12,8178
    50,5  3999,76  6485,79   11,597
      51  3999,76  6436,96  3,05185
    51,5  3999,76  6396,68  7,93481
      52  3999,76  6353,34  8,54518
    52,5  3999,76   6303,9   11,597
      53  3999,76  6260,57  7,32444
    53,5  3999,76  6223,33   11,597
      54  3999,76     6180  7,93481
    54,5  3999,76   6139,1        0
      55  3999,76  6093,94  7,32444
    55,5  3999,76  6046,94  3,05185
      56  3999,76  6008,48  2,44148
    56,5  3999,76  5967,59  2,44148
      57  3999,76  5921,81  5,49333
    57,5  3999,76  5880,92   6,1037
      58  3999,76   5838,8  9,15555
    58,5  3999,76  5793,02  4,27259
      59  3999,76  5751,52  9,15555
    59,5  3999,76  5711,23  10,3763
      60  3999,76  5670,34  2,44148
    60,5  3999,76  5628,83  3,66222
      61  3999,76  5594,04  2,44148
    61,5  3999,76  5542,77  2,44148
      62  3999,76  5510,42  2,44148
    62,5  3999,76  5459,76  1,22074
      63  3999,76  5424,97  1,83111
    63,5  3999,76  5373,09  10,9867
      64  3999,76   5332,8  3,05185
    64,5  3999,76  5296,18  9,15555
      65  3999,76  5252,24  4,88296
    65,5  3999,76  5217,44  5,49333
      66  3999,76  5164,34  3,05185
    66,5  3999,76  5125,89  7,32444
      67  3999,76  5086,21  7,32444
    67,5  3999,76   5044,1  4,27259
      68  3999,76  5003,81  3,66222
    68,5  3999,76  4958,65  3,05185
      69  3999,76  4919,58  8,54518
    69,5  3999,76  4881,13  8,54518
      70  3999,76  4845,12  4,27259
    70,5  3999,76   4796,9  4,27259
      71  3999,76  4757,23  1,22074
    71,5  3999,76   4714,5  3,66222
      72  3999,76  4678,49  1,22074
    72,5  3999,76  4632,71  2,44148
      73  3999,76  4593,04  2,44148
    73,5  3999,76  4553,97  7,93481
      74  3999,76  4518,57  7,93481
    74,5  3999,76  4470,35  5,49333
      75  3999,76  4433,12   6,1037
    75,5  3999,76  4392,83  4,88296
      76  3999,76  4356,82  1,83111
    76,5  3999,76   4314,1  1,83111
      77  3999,76  4269,54        0
    77,5  3999,76  4232,31  10,9867
      78  3999,76  4193,24  3,66222
    78,5  3999,76  4156,62  1,83111
      79  3999,76  4115,12  3,66222
    79,5  3999,76  4076,05  3,66222
      80  3999,76  4045,53  3,66222
    80,5  3999,76  4007,08  3,66222
      81  3999,76  3957,64  3,66222
    81,5  3999,76  3921,63  0,61037
      82  3999,76  3889,89  0,61037
    82,5  3999,76  3840,45  1,22074
      83  3999,76  3798,94  3,66222
    83,5  3999,76  3766,59  10,9867
      84  3999,76  3728,14  4,88296
    84,5  3999,76  3692,13  4,88296
      85  3999,76  3648,18  4,27259
    85,5  3999,76  3610,95        0
      86  3999,76  3574,94        0
    86,5  3999,76  3533,43  2,44148
      87  3999,76  3492,54  2,44148
    87,5  3999,76   3454,7  7,93481
      88  3999,76  3427,23  5,49333
    88,5  3999,76  3383,89  1,83111
      89  3999,76  3346,05  1,83111
    89,5  3999,76   3307,6  1,83111
      90  3999,76  3275,25  3,05185
    90,5  3999,76  3235,57  2,44148
      91  3999,76  3206,27  2,44148
    91,5  3999,76  3161,72  2,44148
      92  3999,76  3120,82  4,88296
    92,5  3999,76  3086,64  1,22074
      93  3999,76  3058,56        0
    93,5  3999,76  3020,11  6,71407
      94  3999,76  2978,61   6,1037
    94,5  3999,76  2938,32  0,61037
      95  3999,76  2905,97        0
    95,5  3999,76  2862,03  4,27259
      96  3999,76  2835,78  4,27259
    96,5  3999,76  2791,22  4,27259
      97  3999,76  2755,21   6,1037
    97,5  3999,76  2724,08  3,66222
      98  3999,76  2685,02  6,71407
    98,5  3999,76  2655,72  6,71407
      99  3999,76  2620,93  6,71407
    99,5  3999,76  2582,48  6,71407
     100  3999,76  2548,91  6,71407
   100,5  3999,76  2511,06  3,05185
     101  3999,76  2468,95  5,49333
   101,5  3999,76  2437,21  4,27259
     102  3999,76  2402,42  4,27259
   102,5  3999,76  2365,79  4,27259
     103  3999,76  2335,28   6,1037
   103,5  3999,76  2305,37        0
     104  3999,76   2260,2        0
   104,5  3999,76  2224,19  4,27259
     105  3999,76  2190,62  4,27259
   105,5  3999,76  2157,05  4,27259
     106  3999,76  2119,21        0
   106,5  3999,76  2090,52        0
     107  3999,76  2053,29        0
   107,5  3999,76  2016,66  5,49333
     108  3999,76  1980,65  4,88296
   108,5  3999,76  1942,81  4,88296
     109  3999,76  1914,12  2,44148
   109,5  3999,76  1878,72  5,49333
     110  3999,76  1850,03  5,49333
   110,5  3999,76  1817,07  33,5704
     111  3999,76  1794,49  33,5704
   111,5  3999,76   1801,2  1436,81
     112  3999,76  1798,15  1436,81
   112,5  3999,76   1818,9  2928,56
     113  3999,76   1830,5  2928,56
   113,5  3999,76  1853,08  4121,83
     114  3999,76  1892,15  4121,83
   114,5  3999,76  1938,54  5118,56
     115  3999,76  1981,26  5118,56
   115,5  3999,76  2035,58  6016,42
     116  3999,76   2083,8  6016,42
   116,5  3999,76  2146,67  6787,32
     117  3999,76  2206,49  6787,32
   117,5  3999,76  2277,29  7489,85
     118  3999,76  2349,31  7489,85
   118,5  3999,76  2416,46  8108,16
     119  3999,76  2493,97  8108,16
   119,5  3999,76  2582,48  8606,83
     120  3999,76  2645,95  8606,83
   120,5  3999,76  2741,17  8996,25
     121  3999,76  2845,55  9171,42
   121,5  3999,76  2926,11  9338,66
     122  3999,76  2998,75  9461,96
   122,5  3999,76  3080,54  9554,74
     123  3999,76  3181,25  9620,04
   123,5  3999,76   3266,7  9676,81
     124  3999,76  3369,24  9732,35
   124,5  3999,76  3452,25  9737,85
     125  3999,76  3512,07  9717,09
   125,5  3999,76  3601,79  9681,08
     126  3999,76  3691,52  9632,86
   126,5  3999,76  3781,24  9572,44
     127  3999,76  3878,29  9512,01
   127,5  3999,76  3963,13  9418,62
     128  3999,76  4040,65  9302,65
   128,5  3999,76  4124,27  9159,21
     129  3999,76  4204,23  8984,04
   129,5  3999,76  4287,85  8790,55
     130  3999,76  4346,45  8619,65
   130,5  3999,76  4406,87  8619,65
     131  3999,76  4481,34  8150,88
   131,5  3999,76   4555,8  8150,88
     132  3999,76  4613,18  7688,83
   132,5  3999,76  4660,79  7688,83
     133  3999,76  4713,89   7204,2
   133,5  3999,76  4768,21   7204,2
     134  3999,76  4813,38  6659,14
   134,5  3999,76   4861,6  6659,14
     135  3999,76  4900,66  6067,08
   135,5  3999,76  4930,57  6067,08
     136  3999,76  4958,04  5495,16
   136,5  3999,76  4986,11  5495,16
     137  3999,76   5003,2  4967,19
   137,5  3999,76  5021,52  4967,19
     138  3999,76  5036,77  4411,76
   138,5  3999,76  5052,64  4411,76
     139  3999,76  5054,48  3877,68
   139,5  3999,76  5061,19  3877,68
     140  3999,76   5055,7  3346,05
   140,5  3999,76  5054,48  3346,05
     141  3999,76  5042,27  2815,64
   141,5  3999,76  5030,67  2815,64
     142  3999,76  5012,97  2299,87
   142,5  3999,76  5006,26  2299,87
     143  3999,76  4974,52  1757,87
   143,5  3999,76  4958,04  1757,87
     144  3999,76  4919,58  1148,11
   144,5  3999,76  4884,18  1148,11
     145  3999,76  4848,78  367,443
   145,5  3999,76  4807,89  193,487
     146  3999,76  4763,94  104,984
   146,5  3999,76  4724,27  54,9333
     147  3999,76  4682,15   37,843
   147,5  3999,76   4638,2  18,3111
     148  3999,76  4606,46  14,0385
   148,5  3999,76  4560,69  9,15555
     149  3999,76  4530,78  9,15555
   149,5  3999,76  4483,17  5,49333
     150  3999,76  4445,33  6,71407
   150,5  3999,76  4401,38  7,93481
     151  3999,76  4358,04  7,32444
   151,5  3999,76  4324,47  4,88296
     152  3999,76  4285,41  10,9867
   152,5  3999,76  4237,19  8,54518
     153  3999,76  4201,18  5,49333
   153,5  3999,76  4167,61  7,32444
     154  3999,76  4129,15  3,05185
   154,5  3999,76  4088,26  10,9867
     155  3999,76  4044,31  4,27259
   155,5  3999,76  4010,74  12,2074
     156  3999,76  3968,02  0,61037
   156,5  3999,76  3928,34   6,1037
     157  3999,76  3889,28        0
   157,5  3999,76  3852,66  10,9867
     158  3999,76  3813,59  0,61037
   158,5  3999,76  3787,35  2,44148
     159  3999,76   3743,4  4,27259
   159,5  3999,76  3709,22  1,83111
     160  3999,76  3673,21  4,27259
   160,5  3999,76  3629,87  5,49333
     161  3999,76  3594,47  3,66222
   161,5  3999,76  3574,33  3,66222
     162  3999,76  3543,81  772,118
   162,5  3999,76  3527,33  772,118
     163  3999,76   3513,9  1647,39
   163,5  3999,76  3507,19  1647,39
     164  3999,76  3505,36  2086,25
   164,5  3999,76  3501,08  2269,97
     165  3999,76  3489,49  2444,53
   165,5  3999,76  3485,21  2590,41
     166  3999,76  3482,16  2731,41
   166,5  3999,76  3485,82  2890,71
     167  3999,76  3489,49  3020,72
   167,5  3999,76  3496,81  3148,29
     168  3999,76  3504,75   3284,4
   168,5  3999,76     3520  3404,64
     169  3999,76  3523,67  3494,98
   169,5  3999,76   3531,6  3593,25
     170  3999,76  3536,48  3675,04
   170,5  3999,76  3557,24  3773,92
     171  3999,76  3570,06  3856,32
   171,5  3999,76  3581,65  3956,42
     172  3999,76  3594,47  4045,53
   172,5  3999,76  3614,61  4116,34
     173  3999,76  3628,04  4181,04
   173,5  3999,76  3646,35  4228,64
     174  3999,76  3664,05  4279,92
   174,5  3999,76  3685,42  4325,69
     175  3999,76  3699,45  4360,48
   175,5  3999,76   3725,7  4383,68
     176  3999,76  3742,79  4417,86
   176,5  3999,76  3769,04  4450,21
     177  3999,76  3789,18   4478,9
   177,5  3999,76  3806,27  4500,26
     178  3999,76  3826,41  4516,13
   178,5  3999,76   3849,6  4517,35
     179  3999,76  3869,14  4497,21
   179,5  3999,76  3893,55  4499,04
     180  3999,76  3907,59  4494,16
   180,5  3999,76   3925,9  4495,99
     181  3999,76  3949,71  4481,95
   181,5  3999,76  3974,12  4459,36
     182  3999,76  3985,11  4434,34
   182,5  3999,76  4013,79  4386,12
     183  3999,76  4032,11  4352,55
   183,5  3999,76  4046,14  4313,49
     184  3999,76   4066,9  4281,14
   184,5  3999,76  4082,77  4253,67
     185  3999,76  4098,64  4221,32
   185,5  3999,76  4112,06  4169,44
     186  3999,76  4127,32  4128,54
   186,5  3999,76  4140,75  4067,51
     187  3999,76  4154,79  4024,78
   187,5  3999,76  4178,59  3964,96
     188  3999,76  4187,75  3906,98
   188,5  3999,76  4195,07  3844,11
     189  3999,76  4201,79  3760,49
   189,5  3999,76  4209,11  3676,87
     190  3999,76  4217,66  3605,46
   190,5  3999,76  4223,76  3532,82
     191  3999,76   4226,2  3469,95
   191,5  3999,76  4233,53   3402,2
     192  3999,76  4239,02  3349,71
   192,5  3999,76  4242,68  3288,67
     193  3999,76  4248,79  3233,74
   193,5  3999,76  4244,51  3161,11
     194  3999,76  4240,85  3088,47
   194,5  3999,76  4240,85  3015,23
     195  3999,76  4246,96  2967,62
   195,5  3999,76  4245,73  2904,75
     196  3999,76  4239,63  2833,34
   196,5  3999,76  4243,29  2771,08
     197  3999,76  4233,53  2710,65
   197,5  3999,76  4221,93  2657,55
     198  3999,76  4215,22  2615,44
   198,5  3999,76  4212,77  2573,93
     199  3999,76  4211,55  2533,04
   199,5  3999,76  4204,23  2506,18
     200  3999,76  4192,02  2462,23
   200,5  3999,76  4184,09  2416,46
     201  3999,76  4178,59  2370,07
   201,5  3999,76  4168,83  2352,37
     202  3999,76  4159,06  2329,78
   202,5  3999,76  4156,62  2293,77
     203  3999,76  4141,36  2258,98
   203,5  3999,76  4137,09  2250,43
     204  3999,76  4128,54   2218,7
   204,5  3999,76  4107,79  2204,66
     205  3999,76  4095,58  2187,57
   205,5  3999,76  4091,31  2158,27
     206  3999,76  4079,71  2152,17
   206,5  3999,76  4074,22  2147,89
     207  3999,76  4060,79  2144,84
   207,5  3999,76  4046,14  2152,78
     208  3999,76  4044,31  2149,11
   208,5  3999,76  4033,33  2156,44
     209  3999,76  4021,73  2159,49
   209,5  3999,76  4017,46  2178,41
     210  3999,76  4005,86  2193,67
   210,5  3999,76  3991,82  2205,27
     211  3999,76  3981,44  2219,92
   211,5  3999,76  3978,39  2238,23
     212  3999,76  3968,02  2257,76
   212,5  3999,76  3957,64  2276,07
     213  3999,76  3948,48   2289,5
   213,5  3999,76  3946,04  2314,52
     214  3999,76  3936,89  2341,38
   214,5  3999,76  3925,29  2370,68
     215  3999,76  3920,41  2399,98
   215,5  3999,76  3920,41  2434,16
     216  3999,76  3909,42   2495,8
   216,5  3999,76  3901,49  2539,75
     217  3999,76  3897,82  2563,55
   217,5  3999,76  3889,89  2591,63
     218  3999,76   3890,5  2619,71
   218,5  3999,76  3885,01  2653,89
     219  3999,76   3884,4  2697,23
   219,5  3999,76   3890,5  2736,29
     220  3999,76  3883,18  2769,86
   220,5  3999,76  3877,68  2799,16
     221  3999,76  3877,07  2815,64
   221,5  3999,76  3879,51  2840,05
     222  3999,76  3877,68  2852,87
   222,5  3999,76  3882,56  2900,48
     223  3999,76  3875,24  2920,01
   223,5  3999,76  3875,85  2956,63
     224  3999,76  3870,97   2995,7
   224,5  3999,76  3875,24  3022,55
     225  3999,76   3878,9  3070,16
   225,5  3999,76  3880,73  3117,77
     226  3999,76   3884,4  3138,52
   226,5  3999,76   3884,4  3154,39
     227  3999,76  3885,62  3193,46
   227,5  3999,76  3892,33  3209,33
     228  3999,76  3897,82  3246,56
   228,5  3999,76  3901,49  3270,36
     229  3999,76  3906,37  3290,51
   229,5  3999,76  3905,76  3303,32
     230  3999,76  3911,25  3306,99
   230,5  3999,76  3916,14  3319,19
     231  3999,76  3927,12  3327,13
   231,5  3999,76  3936,89  3346,66
     232  3999,76  3935,67  3350,32
   232,5  3999,76  3942,38  3360,09
     233  3999,76  3942,99  3361,31
   233,5  3999,76  3945,43  3371,68
     234  3999,76  3956,42  3385,72
   234,5  3999,76  3957,64  3405,26
     235  3999,76  3961,91  3415,63
   235,5  3999,76  3964,35  3419,29
     236  3999,76  3965,58  3399,76
   236,5  3999,76     3979  3389,39
     237  3999,76  3982,67  3392,44
   237,5  3999,76  3986,94  3379,01
     238  3999,76  3987,55  3386,33
   238,5  3999,76  4005,86   3384,5
     239  3999,76  4006,47  3371,07
   239,5  3999,76  4013,79  3359,48
     240  3999,76  4013,79  3336,28
   240,5  3999,76  4017,46  3311,87
     241  3999,76   4019,9  3292,34
   241,5  3999,76  4027,83  3277,69
     242  3999,76     4026  3275,86
   242,5  3999,76  4035,77  3279,52
     243  3999,76  4038,82   3260,6
   243,5  3999,76  4043,09   3266,7
     244  3999,76  4041,87  3257,55
   244,5  3999,76   4043,7  3248,39
     245  3999,76  4053,47  3245,34
   245,5  3999,76  4050,42  3229,47
     246  3999,76  4048,59     3202
   246,5  3999,76  4053,47  3175,76
     247  3999,76  4057,13  3161,11
   247,5  3999,76  4062,01  3152,56
     248  3999,76  4071,17  3132,42
   248,5  3999,76  4062,62  3117,77
     249  3999,76  4067,51  3093,97
   249,5  3999,76  4070,56  3073,21
     250  3999,76   4066,9  3054,29
   250,5  3999,76  4063,23  3018,89
     251  3999,76  4067,51  3009,12
   251,5  3999,76  4065,68  2985,93
     252  3999,76   4061,4  2970,06
   252,5  3999,76  4071,78  2951,75
     253  3999,76  4068,12  2947,48
   253,5  3999,76  4062,01  2929,17
     254  3999,76  4053,47  2898,04
   254,5  3999,76  4057,13  2877,29
     255  3999,76   4061,4  2893,77
   255,5  3999,76  4048,59  2898,04
     256  3999,76  4048,59  2875,45
   256,5  3999,76  4046,75  2870,57
     257  3999,76  4051,03   2866,3
   257,5  3999,76  4046,14  2841,88
     258  3999,76  4049,81     2837
   258,5  3999,76  4041,87  2818,69
     259  3999,76   4043,7  2802,82
   259,5  3999,76  4041,87  2800,99
     260  3999,76  4041,87  2796,72
   260,5  3999,76  4035,16  2794,27
     261  3999,76  4027,83  2782,68
   261,5  3999,76  4028,44  2768,64
     262  3999,76     4026   2772,3
   262,5  3999,76  4034,55  2779,63
     263  3999,76  4022,95  2776,57
   263,5  4999,85  4018,07  2794,89
     264  4999,85  4016,24  2800,99
   264,5  4999,85  4025,39  2800,99
     265  4999,85  4046,14  3862,42
   265,5  4999,85  4071,17  3862,42
     266  4999,85  4107,18  5135,65
   266,5  4999,85  4138,92  5135,65
     267  4999,85  4177,98  5717,95
   267,5  4999,85  4217,05  5878,48
     268  4999,85  4262,83  6032,29
   268,5  4999,85  4307,38  6176,95
     269  4999,85  4356,21  6299,02
   269,5  4999,85  4400,16  6414,99
     270  4999,85  4450,21  6480,91
   270,5  4999,85  4503,31  6542,56
     271  4999,85  4552,14   6621,3
   271,5  4999,85  4609,52  6660,36
     272  4999,85   4655,9  6648,76
   272,5  4999,85  4703,51  6644,49
     273  4999,85  4759,06  6650,59
   273,5  4999,85   4790,8  6642,05
     274  4999,85  4846,95  6588,95
   274,5  4999,85     4897  6526,08
     275  4999,85  4936,67  6458,33
   275,5  4999,85  4983,06  6365,55
     276  4999,85  5023,96     6274
   276,5  4999,85   5067,9   6197,7
     277  4999,85  5100,86  6095,77
   277,5  4999,85   5144,2  5998,72
     278  4999,85  5182,04  5883,36
   278,5  4999,85  5219,89   5785,7
     279  4999,85   5250,4  5688,04
   279,5  4999,85  5277,87  5597,09
     280  4999,85  5316,93  5471,97
   280,5  4999,85  5345,01  5351,12
     281  4999,85  5369,43  5218,67
   281,5  4999,85  5393,84  5098,42
     282  4999,85  5422,53   4973,3
   282,5  4999,85     5450  4847,56
     283  4999,85  5470,14  4695,58
   283,5  4999,85  5476,24  4540,54
     284  4999,85  5494,55  4382,46
   284,5  4999,85  5501,88  4236,58
     285  4999,85  5511,64  4101,69
   285,5  4999,85  5518,36  3991,82
     286  4999,85  5537,28  3877,07
   286,5  4999,85  5540,33   3743,4
     287  4999,85  5548,27   3602,4
   287,5  4999,85  5550,71  3441,88
     288  4999,85  5553,15  3294,17
   288,5  4999,85  5551,93  3128,15
     289  4999,85  5537,28  2975,55
   289,5  4999,85  5529,95  2835,78
     290  4999,85   5520,8  2697,84
   290,5  4999,85   5509,2  2582,48
     291  4999,85  5498,83  2468,95
   291,5  4999,85  5490,89  2365,18
     292  4999,85   5479,9   2266,3
   292,5  4999,85  5453,66  2168,03
     293  4999,85  5439,62  2069,16
   293,5  4999,85  5422,53  1976,38
     294  4999,85  5402,39  1897,03
   294,5  4999,85  5384,08  1810,36
     295  4999,85  5364,54  1740,78
   295,5  4999,85  5337,69  1656,54
     296  4999,85  5319,99  1572,92
   296,5  4999,85  5293,74  1493,58
     297  4999,85  5274,21   1447,8
   297,5  4999,85  5246,13  1402,02
     298  4999,85   5220,5  1359,29
   298,5  4999,85  5200,35  1355,63
     299  4999,85  5174,11  1364,79
   299,5  4999,85  5157,02  1348,92
     300  4999,85  5130,77  1364,79
   300,5  4999,85  5104,53  1391,03
     301  4999,85  5086,83  1406,29
   301,5  4999,85  5056,92  1407,51
     302  4999,85  5040,44  1436,81
   302,5  4999,85   5014,8  1469,77
     303  4999,85  4986,11  1498,46
   303,5  4999,85  4976,35  1526,54
     304  4999,85  4947,66  1569,87
   304,5  4999,85   4926,3  1621,75
     305  4999,85  4907,38  1676,69
   305,5  4999,85  4889,68  1732,23
     306  4999,85  4875,03  1802,42
   306,5  4999,85  4859,16  1861,63
     307  4999,85  4846,95  1921,45
   307,5  4999,85  4827,42  1984,92
     308  4999,85  4813,99  2056,95
   308,5  4999,85  4807,89  2125,92
     309  4999,85  4793,85  2210,76
   309,5  4999,85   4785,3  2293,77
     310  4999,85  4770,04  2367,02
   310,5  4999,85  4763,33  2421,34
     311  4999,85  4762,72  2490,31
   311,5  4999,85  4751,12  2567,22
     312  4999,85  4749,29   2672,2
   312,5  4999,85  4751,12  2755,21
     313  4999,85  4743,19  2842,49
   313,5  4999,85  4737,69  2914,52
     314  4999,85  4737,08  2996,31
   314,5  4999,85  4735,25  3064,67
     315  4999,85  4743,19  3134,25
   315,5  4999,85  4746,85     3202
     316  4999,85  4751,73  3256,32
   316,5  4999,85  4756,61  3327,74
     317  4999,85  4754,78  3399,15
   317,5  4999,85  4763,94  3439,44
     318  4999,85  4768,82  3501,69
   318,5  4999,85  4773,09  3557,85
     319  4999,85  4772,48   3596,3
   319,5  4999,85  4795,68  3629,87
     320  4999,85  4796,29  3675,04
   320,5  4999,85  4812,16  3706,78
     321  4999,85  4815,82  3714,71
   321,5  4999,85  4830,47  3731,19
     322  4999,85  4831,69     3755
   322,5  4999,85  4839,62  3787,96
     323  4999,85  4855,49  3803,83
   323,5  4999,85  4864,04  3834,96
     324  4999,85  4870,75  3858,76
   324,5  4999,85  4882,96   3878,9
     325  4999,85  4894,56  3888,06
   325,5  4999,85  4912,26  3909,42
     326  4999,85  4926,91  3919,19
   326,5  4999,85  4934,23  3930,78
     327  4999,85  4948,88  3916,75
   327,5  4999,85  4954,99  3906,98
     328  4999,85   4961,7  3892,33
   328,5  4999,85  4972,08  3877,07
     329  4999,85  4989,78  3871,58
   329,5  4999,85  4999,54  3868,53
     330  4999,85  5009,92   3878,9
   330,5  4999,85  5019,07  3860,59
     331  4999,85  5028,23  3836,79
   331,5  4999,85  5035,55  3816,03
     332  4999,85  5045,93   3790,4
   332,5  4999,85  5056,31  3773,92
     333  4999,85  5057,53  3763,54
   333,5  4999,85  5076,45  3736,69
     334  4999,85  5081,94  3695,79
   334,5  4999,85  5083,77  3659,78
     335  4999,85  5086,83   3631,7
   335,5  4999,85  5101,47  3593,86
     336  4999,85  5103,92  3562,73
   336,5  4999,85  5106,36  3520,62
     337  4999,85  5116,12  3467,51
   337,5  4999,85  5119,17  3422,35
     338  4999,85  5121,01   3396,1
   338,5  4999,85  5121,62   3366,8
     339  4999,85  5117,34  3327,13
   339,5  4999,85   5126,5  3283,79
     340  4999,85  5127,72  3259,38
   340,5  4999,85  5128,33  3233,13
     341  4999,85  5127,72  3195,29
   341,5  4999,85  5124,67  3168,43
     342  4999,85  5123,45   3137,3
   342,5  4999,85  5125,28  3102,51
     343  4999,85   5120,4  3077,49
   343,5  4999,85  5121,62  3041,47
     344  4999,85  5114,29  3010,96
   344,5  4999,85  5116,73  2981,66
     345  4999,85  5110,02  2957,85
   345,5  4999,85  5105,14  2921,23
     346  4999,85   5108,8  2891,93
   346,5  4999,85  5095,98  2873,62
     347  4999,85  5094,15  2855,92
   347,5  4999,85  5086,21  2851,65
     348  4999,85  5089,88  2826,01
   348,5  4999,85  5086,21  2835,17
     349  4999,85  5088,05  2821,13
   349,5  4999,85   5073,4  2796,72
     350  4999,85  5074,01  2780,24
   350,5  4999,85   5061,8  2780,24
     351  4999,85   5055,7  2796,72
   351,5  4999,85  5057,53  2790,61
     352  4999,85  5045,32  2774,74
   352,5  4999,85  5042,27  2766,81
     353  4999,85  5036,16  2746,67
   353,5  4999,85   5032,5  2745,45
     354  4999,85  5024,57  2768,64
   354,5  4999,85  5025,79  2768,03
     355  4999,85  5017,85  2773,52
   355,5  4999,85  5006,87  2794,27
     356  4999,85  5006,87   2801,6
   356,5  4999,85  5005,65  2797,94
     357  4999,85  4995,88  2810,14
   357,5  4999,85  4993,44   2813,2
     358  4999,85   4997,1  2822,35
   358,5  4999,85  4994,66  2818,08
     359  4999,85  4980,62  2829,07
   359,5  4999,85  4980,01     2837
     360  4999,85  4978,18  2857,75
   360,5  4999,85  4976,35  2875,45
     361  4999,85  4973,91  2885,83
   361,5  4999,85  4972,69   2901,7
     362  4999,85  4961,09  2922,45
   362,5  4999,85  4964,75  2929,17
     363  4999,85  4962,31  2941,98
   363,5  4999,85  4956,21  2963,96
     364  4999,85  4958,65  2959,07
   364,5  4999,85  4951,32  2949,92
     365  4999,85  4947,66  2943,21
   365,5  4999,85  4949,49  2939,54
     366  4999,85  4942,78  2952,97
   366,5  4999,85  4947,66  2978,61
     367  4999,85  4945,83  3003,63
   367,5  4999,85  4947,66  3012,79
     368  4999,85  4942,17  3034,76
   368,5  4999,85  4946,44  3051,85
     369  4999,85  4937,28  3067,11
   369,5  4999,85  4934,84  3075,66
     370  4999,85  4936,67  3083,59
   370,5  4999,85  4936,67   3090,3
     371  4999,85  4937,28  3105,56
   371,5  4999,85  4940,34  3131,81
     372  4999,85  4942,78  3150,12
   372,5  4999,85  4939,73  3186,13
     373  4999,85  4939,73  3221,53
   373,5  4999,85  4950,71  3226,42
     374  4999,85     4944  3235,57
   374,5  4999,85  4945,22  3246,56
     375  4999,85  4950,71  3248,39
   375,5  4999,85   4955,6  3241,68
     376  4999,85  4946,44  3259,99
   376,5  4999,85  4951,93  3264,87
     377  4999,85  4963,53  3250,22
   377,5  4999,85  4957,43  3274,64
     378  4999,85   4967,8  3285,62
   378,5  4999,85  4964,75  3309,43
     379  4999,85  4966,58  3320,41
   379,5  4999,85  4969,63  3326,52
     380  4999,85  4976,35  3335,67
   380,5  4999,85  4976,35  3338,72
     381  4999,85  4975,74  3336,89
   381,5  4999,85  4977,57  3325,91
     382  4999,85  4976,96  3316,14
   382,5  4999,85  4990,39  3309,43
     383  4999,85  4986,72  3324,69
   383,5  4999,85  4992,22  3345,44
     384  4999,85  4991,61  3341,78
   384,5  4999,85   5003,2  3330,18
     385  4999,85   4997,1  3316,14
   385,5  4999,85  5001,98  3306,38
     386  4999,85  5005,04  3285,62
   386,5  4999,85  5006,87  3285,62
     387  4999,85  5005,65  3270,97
   387,5  4999,85  5017,85  3252,05
     388  4999,85  5011,14  3245,95
   388,5  4999,85  5013,58  3252,05
     389  4999,85  5011,14  3257,55
   389,5  4999,85  5014,19  3248,39
     390  4999,85  5015,41  3242,29
   390,5  4999,85  5017,24   3260,6
     391  4999,85   5026,4  3244,73
   391,5  4999,85  5019,07  3236,18
     392  4999,85  5022,74  3230,69
   392,5  4999,85  5023,35  3222,75
     393  4999,85  5023,35  3219,09
   393,5  4999,85  5033,11  3209,94
     394  4999,85   5026,4   3195,9
   394,5  4999,85  5028,84  3191,02
