Instituto Superior de Engenharia de Lisboa
    Laborat¢rio de Controlo de Sistemas


   Data: 05/04/22
   Hora: 11:19:46

UNIDADES:
   Tempo : seg.
   Canais: mV

POSICAO_DAS_VALVULAS:
   Valvula_A: 0
   Valvula_B: 2
   Valvula_C: 0

PARAMETROS_DO_CONTROLADOR:
   KP=2
   KI=0.1

Controlo: Nivel1

       Tabela de Dados



  Tempo  SetPoint  Nivel1   Caudal 
       0  3999,76        0        0
     0,5  3999,76        0        0
       1  3999,76        0        0
     1,5  3999,76        0  3104,95
       2  3999,76        0  3104,95
     2,5  3999,76        0  6654,26
       3  3999,76        0  6654,26
     3,5  3999,76        0  8014,77
       4  3999,76        0  8014,77
     4,5  3999,76    32,96  8673,36
       5  3999,76  107,425  8673,36
     5,5  3999,76  171,514  9201,94
       6  3999,76  228,889  9201,94
     6,5  3999,76  308,237  9528,49
       7  3999,76  385,754  9616,38
     7,5  3999,76  480,361  9683,52
       8  3999,76  601,825  9709,16
     8,5  3999,76  733,665  9710,38
       9  3999,76  852,077  9707,33
     9,5  3999,76  965,606  9700,61
      10  3999,76  1065,71     9700
    10,5  3999,76  1159,09  9670,71
      11  3999,76  1268,96  9620,04
    11,5  3999,76  1356,85  9569,38
      12  3999,76  1457,56  9538,25
    12,5  3999,76  1545,46  9487,59
      13  3999,76  1644,34  9421,06
    13,5  3999,76  1741,39  9338,05
      14  3999,76  1826,23  9268,47
    14,5  3999,76  1920,83  9195,84
      15  3999,76   2001,4  9112,83
    15,5  3999,76  2075,26  9032,87
      16  3999,76  2169,87  8961,46
    16,5  3999,76  2278,51  8874,17
      17  3999,76  2347,48  8822,29
    17,5  3999,76  2441,48   8752,1
      18  3999,76  2517,78   8658,1
    18,5  3999,76  2592,85  8529,31
      19  3999,76  2685,63  8418,84
    19,5  3999,76  2765,59   8322,4
      20  3999,76   2825,4  8232,67
    20,5  3999,76  2890,71  8139,29
      21  3999,76  2967,01  8050,78
    21,5  3999,76  3054,29   7963,5
      22  3999,76  3109,23  7871,94
    22,5  3999,76  3180,64  7771,84
      23  3999,76  3240,46  7661,98
    23,5  3999,76  3310,04  7555,16
      24  3999,76  3377,79  7456,89
    24,5  3999,76   3431,5  7349,47
      25  3999,76  3492,54  7236,55
    25,5  3999,76  3550,52   7121,8
      26  3999,76  3611,56  7024,14
    26,5  3999,76  3676,87  6905,12
      27  3999,76  3720,21  6800,13
    27,5  3999,76   3772,7  6666,46
      28  3999,76  3817,26  6557,82
    28,5  3999,76  3864,25  6458,94
      29  3999,76  3900,27  6378,37
    29,5  3999,76  3942,99  6269,11
      30  3999,76  3993,04  6163,52
    30,5  3999,76  4032,72  6064,64
      31  3999,76  4086,43  5978,58
    31,5  3999,76  4127,93  5876,64
      32  3999,76  4160,89  5766,78
    32,5  3999,76  4188,97  5654,47
      33  3999,76  4228,64  5547,65
    33,5  3999,76  4253,67  5439,62
      34  3999,76  4287,85  5338,91
    34,5  3999,76  4319,59  5241,25
      35  3999,76  4354,99   5173,5
    35,5  3999,76  4387,34  5117,95
      36  3999,76  4407,48  5036,16
    36,5  3999,76  4430,68  4940,34
      37  3999,76  4450,21  4857,94
    37,5  3999,76  4475,23  4783,47
      38  3999,76  4497,82  4715,72
    38,5  3999,76  4512,47  4629,05
      39  3999,76  4542,38  4554,58
    39,5  3999,76  4562,52  4489,27
      40  3999,76  4577,78  4425,18
    40,5  3999,76  4594,26  4337,29
      41  3999,76  4607,68  4265,27
    41,5  3999,76  4621,11  4170,66
      42  3999,76  4635,15  4085,21
    42,5  3999,76  4650,41  4008,91
      43  3999,76  4656,51  3929,56
    43,5  3999,76  4675,44  3867,31
      44  3999,76  4676,05  3811,15
    44,5  3999,76  4683,98  3730,58
      45  3999,76  4687,03     3661
    45,5  3999,76  4696,19  3596,91
      46  3999,76  4705,95  3529,16
    46,5  3999,76  4701,68  3487,66
      47  3999,76  4707,79  3443,71
    47,5  3999,76  4715,11  3370,46
      48  3999,76  4721,21  3321,63
    48,5  3999,76   4714,5  3286,84
      49  3999,76   4726,1  3222,14
    49,5  3999,76  4719,38  3157,45
      50  3999,76  4717,55  3097,02
    50,5  3999,76  4713,28  3055,51
      51  3999,76  4717,55  3014,01
    51,5  3999,76  4718,16  2979,83
      52  3999,76  4706,56  2938,32
    52,5  3999,76  4698,63  2893,77
      53  3999,76  4695,58  2855,92
    53,5  3999,76  4694,36  2806,48
      54  3999,76  4687,03  2771,08
    54,5  3999,76  4688,86  2739,34
      55  3999,76  4672,38  2708,21
    55,5  3999,76  4670,55  2681,97
      56  3999,76  4663,23  2646,57
    56,5  3999,76  4658,96  2619,71
      57  3999,76  4652,85  2585,53
    57,5  3999,76  4648,58  2558,06
      58  3999,76  4634,54  2537,31
    58,5  3999,76  4624,77  2517,78
      59  3999,76  4617,45  2476,27
    59,5  3999,76  4600,36  2469,56
      60  3999,76  4588,76  2457,35
    60,5  3999,76  4593,65  2431,71
      61  3999,76  4575,95  2419,51
    61,5  3999,76  4561,91  2410,35
      62  3999,76  4552,75   2389,6
    62,5  3999,76  4542,38  2356,03
      63  3999,76  4536,27  2349,31
    63,5  3999,76  4535,05  2345,04
      64  3999,76  4528,34  2357,25
    64,5  3999,76  4517,96  2364,57
      65  3999,76  4505,75   2313,3
    65,5  3999,76  4489,27  2281,56
      66  3999,76  4483,78  2258,98
    66,5  3999,76  4475,84  2243,72
      67  3999,76  4464,86  2229,07
    67,5  3999,76   4449,6  2233,95
      68  3999,76  4448,99  2221,75
    68,5  3999,76  4428,24  2218,09
      69  3999,76   4420,3  2221,14
    69,5  3999,76  4412,98  2221,14
      70  3999,76  4397,11  2222,97
    70,5  3999,76  4375,13  2227,24
      71  3999,76  4367,81  2223,58
    71,5  3999,76   4355,6   2230,9
      72  3999,76  4344,61  2244,33
    72,5  3999,76  4343,39  2237,62
      73  3999,76  4322,64  2225,41
    73,5  3999,76  4325,69  2222,97
      74  3999,76  4303,11  2226,02
    74,5  3999,76  4298,23  2235,79
      75  3999,76  4283,58  2226,63
    75,5  3999,76  4278,08  2227,85
      76  3999,76   4261,6  2250,43
    76,5  3999,76  4256,72  2264,47
      77  3999,76  4240,85  2285,23
    77,5  3999,76  4229,87  2269,97
      78  3999,76  4227,42  2273,02
    78,5  3999,76  4211,55  2291,33
      79  3999,76  4195,68   2318,8
    79,5  3999,76  4187,14  2340,16
      80  3999,76  4182,87  2337,72
    80,5  3999,76   4173,1  2350,54
      81  3999,76   4173,1  2363,96
    81,5  3999,76  4160,89  2384,72
      82  3999,76  4159,06  2386,55
    82,5  3999,76  4140,14  2384,11
      83  3999,76  4134,04  2397,53
    83,5  3999,76  4129,76  2415,85
      84  3999,76     4120  2419,51
    84,5  3999,76  4113,28  2426,83
      85  3999,76  4103,52  2437,82
    85,5  3999,76  4103,52  2450,64
      86  3999,76  4093,14  2461,01
    86,5  3999,76  4088,26   2478,1
      87  3999,76  4077,88  2485,43
    87,5  3999,76  4067,51  2481,15
      88  3999,76  4063,23  2493,36
    88,5  3999,76  4054,08  2509,23
      89  3999,76  4052,25  2516,56
    89,5  3999,76  4045,53  2540,36
      90  3999,76  4040,04  2541,58
    90,5  3999,76  4038,82  2562,33
      91  3999,76  4028,44  2567,83
    91,5  3999,76  4027,22  2572,71
      92  3999,76  4021,12  2594,07
    92,5  3999,76  4017,46  2590,41
      93  3999,76  4013,79  2603,23
    93,5  3999,76  4010,13  2623,98
      94  3999,76  4008,91  2633,75
    94,5  3999,76  4002,81  2658,16
      95  3999,76  3989,99  2663,05
    95,5  3999,76  3986,33  2672,81
      96  3999,76  3983,89  2677,08
    96,5  3999,76  3983,89  2681,97
      97  3999,76  3977,78  2695,39
    97,5  3999,76  3969,24  2710,04
      98  3999,76  3971,68  2727,74
    98,5  3999,76  3964,96  2749,11
      99  3999,76  3964,96  2765,59
    99,5  3999,76  3961,91  2764,98
     100  3999,76   3955,2  2770,47
   100,5  3999,76  3958,25  2764,98
     101  3999,76  3958,86  2787,56
   101,5  3999,76  3954,59  2798,55
     102  3999,76  3946,65  2821,74
   102,5  3999,76  3955,81     2837
     103  3999,76  3949,71  2861,42
   103,5  3999,76   3943,6  2867,52
     104  3999,76  3941,16  2855,31
   104,5  3999,76  3946,65  2852,26
     105  3999,76  3941,77  2863,25
   105,5  3999,76  3942,99  2879,73
     106  3999,76  3944,21  2873,62
   106,5  3999,76  3934,45  2871,79
     107  3999,76  3933,23  2871,18
   107,5  3999,76  3936,28  2896,21
     108  3999,76  3932,61  2908,41
   108,5  3999,76  3931,39  2915,74
     109  3999,76  3924,68   2919,4
   109,5  3999,76  3930,78  2921,84
     110  3999,76  3933,84  2927,34
   110,5  3999,76  3936,28  2933,44
     111  3999,76  3927,73  2929,17
   111,5  3999,76  3929,56  2926,11
     112  3999,76  3930,78  2933,44
   112,5  3999,76  3926,51  2936,49
     113  3999,76  3927,12  2960,91
   113,5  3999,76  3927,12  2962,74
     114  3999,76  3930,78  2981,05
   114,5  3999,76  3925,29  2987,76
     115  3999,76  3926,51   2972,5
   115,5  3999,76  3921,63  2962,13
     116  3999,76  3929,56  2967,62
   116,5  3999,76  3925,29  2973,72
     117  3999,76  3927,73  2979,22
   117,5  3999,76  3924,07  2971,28
     118  3999,76   3925,9  2985,93
   118,5  3999,76  3935,67  3004,85
     119  3999,76  3929,56   3019,5
   119,5  3999,76  3927,12  3015,84
     120  3999,76  3925,29  3002,41
   120,5  3999,76  3927,12  3023,16
     121  3999,76     3932  3028,05
   121,5  3999,76  3930,17  3035,37
     122  3999,76  3932,61  3047,58
   122,5  3999,76  3926,51  3057,95
     123  3999,76  3929,56   3060,4
   123,5  3999,76  3929,56  3064,06
     124  3999,76  3927,12  3056,12
   124,5  3999,76  3929,56  3061,62
     125  3999,76  3933,84  3076,88
   125,5  3999,76  3935,06  3073,21
     126  3999,76  3938,11   3084,2
   126,5  3999,76  3945,43  3069,55
     127  3999,76  3938,11  3058,56
   127,5  3999,76  3941,16  3045,14
     128  3999,76  3939,94  3041,47
   128,5  3999,76  3945,43  3055,51
     129  3999,76  3942,99  3056,73
   129,5  3999,76  3946,04  3046,36
     130  3999,76  3938,72  3035,37
   130,5  3999,76  3944,82  3044,53
     131  3999,76  3939,94  3050,02
   131,5  3999,76  3944,82  3046,97
     132  3999,76  3950,93  3056,73
   132,5  3999,76  3946,04  3068,33
     133  3999,76  3952,15   3072,6
   133,5  3999,76  3951,54  3053,68
     134  3999,76  3952,76  3062,23
   134,5  3999,76  3965,58  3067,72
     135  3999,76  3949,71  3076,27
   135,5  3999,76  3952,15  3065,89
     136  3999,76  3950,93  3067,11
   136,5  3999,76  3958,25  3084,81
     137  3999,76  3959,47  3098,85
   137,5  3999,76  3957,64  3093,97
     138  3999,76  3957,03  3077,49
   138,5  3999,76  3962,52   3060,4
     139  3999,76  3958,86  3059,18
   139,5  3999,76  3969,24  3071,99
     140  3999,76  3966,19  3059,79
   140,5  3999,76  3960,69  3070,16
     141  3999,76  3971,07  3073,21
   141,5  3999,76  3965,58  3076,88
     142  3999,76  3968,02  3082,37
   142,5  3999,76  3974,12  3089,08
     143  3999,76   3972,9  3076,88
   143,5  3999,76  3973,51  3076,27
     144  3999,76  3973,51  3068,94
   144,5  3999,76   3972,9  3064,06
     145  3999,76  3977,17  3071,38
   145,5  3999,76   3966,8  3052,46
     146  3999,76  3969,24  3046,97
   146,5  3999,76  3969,24  3050,02
     147  3999,76   3972,9  3049,41
   147,5  3999,76  3978,39  3059,79
     148  3999,76  3975,34  3057,34
   148,5  3999,76  3978,39  3046,36
     149  3999,76  3977,17  3044,53
   149,5  3999,76  3982,67   3048,8
     150  3999,76  3985,11  3045,75
   150,5  3999,76  3989,38  3051,85
     151  3999,76  3982,67  3042,08
   151,5  3999,76  3975,95  3041,47
     152  3999,76   3984,5  3034,76
   152,5  3999,76  3985,11   3042,7
     153  3999,76  3983,89  3054,29
   153,5  3999,76  3978,39  3061,62
     154  3999,76  3985,72  3068,33
   154,5  3999,76  3991,21  3071,99
     155  3999,76  3985,72  3070,77
   155,5  3999,76  3989,99  3064,67
     156  3999,76  3988,16  3057,34
   156,5  3999,76  3989,99  3048,19
     157  3999,76  3991,82   3060,4
   157,5  3999,76  3993,04  3050,63
     158  3999,76  3988,77  3023,16
   158,5  3999,76  3992,43  3017,67
     159  3999,76  3992,43  3021,94
   159,5  3999,76  3986,94  3034,76
     160  3999,76  3994,26  3033,54
   160,5  3999,76  3991,82   3037,2
     161  3999,76   3996,7  3041,47
   161,5  3999,76  3988,16  3029,88
     162  3999,76  3994,26  3043,92
   162,5  3999,76   3996,7  3050,02
     163  3999,76  3991,82  3053,68
   163,5  3999,76  4001,59  3056,12
     164  3999,76  3993,65  3040,86
   164,5  3999,76  4001,59  3056,12
     165  3999,76  3997,92  3051,24
   165,5  3999,76  3994,87  3044,53
     166  3999,76   3996,7   3042,7
   166,5  3999,76  4000,98  3050,02
     167  3999,76  4006,47  3059,79
   167,5  3999,76  3994,87   3054,9
     168  3999,76   4002,2  3047,58
   168,5  3999,76   3996,7  3029,88
     169  3999,76  3997,92  3039,03
   169,5  3999,76  4004,64  3039,64
     170  3999,76  4002,81  3039,03
   170,5  3999,76  4005,86  3027,44
     171  3999,76  4004,64  3021,94
   171,5  3999,76  3999,76  3016,45
     172  3999,76  4004,64  3016,45
   172,5  3999,76  4008,91  3029,88
     173  3999,76   4002,2  3028,66
   173,5  3999,76  4000,37  3021,94
     174  3999,76   4002,2  3033,54
   174,5  3999,76  4008,91  3023,77
     175  3999,76  4010,13  3021,33
   175,5  3999,76  4004,03  3006,68
     176  3999,76  4002,81  3005,46
   176,5  3999,76  3999,15  3006,68
     177  3999,76   4008,3  3014,01
   177,5  3999,76  4005,25  3010,35
     178  3999,76  4000,37  3018,28
   178,5  3999,76  4004,03  3029,27
     179  3999,76  4007,08  3037,81
   179,5  3999,76  4007,08  3035,37
     180  3999,76  4010,13  3026,22
   180,5  3999,76  4013,18   3019,5
     181  3999,76  4013,79  3005,46
   181,5  3999,76  4013,18  3010,96
     182  3999,76  4006,47  3008,51
   182,5  3999,76   4008,3   3019,5
     183  3999,76   4008,3  3008,51
   183,5  3999,76  4000,98   3019,5
     184  3999,76  4005,86  3015,84
   184,5  3999,76   4008,3  3028,05
     185  3999,76  4005,25  3021,94
   185,5  3999,76  4011,35  3017,06
     186  3999,76  4011,35  3011,57
   186,5  3999,76  4011,96   3019,5
     187  3999,76  4021,12  3012,18
   187,5  3999,76  4012,57  3003,63
     188  3999,76  4011,96   3007,9
   188,5  3999,76  4013,79  3002,41
     189  3999,76  4010,74  3001,19
   189,5  3999,76  4011,96  3006,68
     190  3999,76  4010,13  2993,87
   190,5  3999,76  4009,52  2987,76
     191  3999,76  4005,25  2988,98
   191,5  3999,76  4009,52  2992,65
     192  3999,76  4007,08  2985,32
   192,5  3999,76  4013,79  2990,81
     193  3999,76  4013,79  2994,48
   193,5  3999,76  4020,51   2990,2
     194  3999,76  4020,51  2997,53
   194,5  3999,76  4010,74  2994,48
     195  3999,76  4011,35  2981,66
   195,5  3999,76  4018,68  2983,49
     196  3999,76  4018,07  2997,53
   196,5  3999,76   4014,4  3006,68
     197  3999,76  4013,79   3013,4
   197,5  3999,76  4007,69   3001,8
     198  3999,76  4008,91  3003,02
   198,5  3999,76  4011,35  2993,26
     199  3999,76  4016,24  2994,48
   199,5  3999,76  4012,57  3008,51
     200  3999,76  4010,74  3008,51
   200,5  3999,76  4016,85  2995,09
     201  3999,76  4018,68  2996,92
   201,5  3999,76   4019,9  3017,67
     202  3999,76  4016,24  3012,79
   202,5  3999,76  4011,35  2999,97
     203  3999,76  4016,24  3015,23
   203,5  3999,76  4024,17  3012,18
     204  3999,76  4016,24  3015,84
   204,5  3999,76   4019,9  3029,27
     205  3999,76  4018,68  3023,77
   205,5  3999,76  4017,46  3018,28
     206  3999,76  4013,79  3002,41
   206,5  3999,76  4024,17  2997,53
     207  3999,76  4017,46  2998,14
   207,5  3999,76  4019,29   2990,2
     208  3999,76  4019,29   2990,2
   208,5  3999,76   4019,9  2984,71
     209  3999,76  4019,29   2990,2
   209,5  3999,76  4022,34  2996,31
     210  3999,76   4014,4  2984,71
   210,5  3999,76  4021,73  2989,59
     211  3999,76   4019,9  2991,42
   211,5  3999,76  4019,29  2996,92
     212  3999,76  4016,85  2993,26
   212,5  3999,76  4018,07  2971,28
     213  3999,76  4021,73  2963,35
   213,5  3999,76  4016,85  2970,67
     214  3999,76  4023,56  2968,84
   214,5  3999,76  4018,68  2963,35
     215  3999,76  4018,68  2967,01
   215,5  3999,76   4019,9  2970,67
     216  3999,76  4022,34  2976,17
   216,5  3999,76  4019,29  2984,71
     217  3999,76  4015,63  2973,72
   217,5  3999,76  4020,51  2951,75
     218  3999,76  4013,18  2956,63
   218,5  3999,76  4011,35  2954,19
     219  3999,76  4006,47  2970,06
   219,5  3999,76  4008,91  2971,28
     220  3999,76   4014,4  2987,76
   220,5  3999,76  4015,63  2989,59
     221  3999,76  4016,24  2981,66
   221,5  3999,76  4013,79  2981,66
     222  3999,76  4018,07  2982,88
   222,5  3999,76  4012,57  2981,66
     223  3999,76  4017,46  2982,88
   223,5  3999,76  4015,63  2981,05
     224  3999,76  4011,35  2981,05
   224,5  3999,76  4013,79  2982,88
     225  3999,76  4017,46  2968,84
   225,5  3999,76  4010,13  2956,02
     226  3999,76  4016,24  2952,36
   226,5  3999,76  4007,08  2950,53
     227  3999,76  4010,74  2964,57
   227,5  3999,76  4010,13  2962,13
     228  3999,76  4013,18   2948,7
   228,5  3999,76  4004,64  2950,53
     229  3999,76  4007,69  2951,14
   229,5  3999,76  4010,13  2963,35
     230  3999,76   4014,4  2967,01
   230,5  3999,76  4011,96  2963,35
     231  3999,76  4004,64  2981,05
   231,5  3999,76  4013,18  2985,93
     232  3999,76  4009,52  2977,39
   232,5  3999,76  4007,69   2960,3
     233  3999,76  4002,81  2950,53
   233,5  3999,76  4007,08  2943,82
     234  3999,76  4011,35  2952,36
   234,5  3999,76  4010,13  2967,62
     235  3999,76  4006,47  2965,79
   235,5  3999,76  4005,86  2969,45
     236  3999,76  4005,25  2951,75
   236,5  3999,76  4005,86  2952,36
     237  3999,76  4010,13  2957,85
   237,5  3999,76  4005,25  2968,84
     238  3999,76  3998,54  2967,01
   238,5  3999,76   4008,3  2968,23
     239  3999,76   4002,2  2968,84
   239,5  3999,76  4000,98  2984,71
     240  3999,76   3996,7  2973,11
   240,5  3999,76  3998,54  2987,76
     241  3999,76  3999,76   2990,2
   241,5  3999,76  4003,42  3006,68
     242  3999,76   3996,7   3019,5
   242,5  3999,76  3999,15  3010,35
     243  3999,76  4000,37  2998,14
   243,5  3999,76  4006,47  2988,98
     244  3999,76  4005,86  2970,06
   244,5  3999,76  4004,03  2969,45
     245  3999,76  4002,81  2967,01
   245,5  3999,76  3996,09  2979,22
     246  3999,76  4007,69  2980,44
   246,5  3999,76  4005,25  2996,92
     247  3999,76  3998,54  3004,24
   247,5  3999,76  3993,04  2996,92
     248  3999,76  3992,43  2981,66
   248,5  3999,76  3998,54  2992,65
     249  3999,76   3996,7  3004,24
   249,5  3999,76  4002,81  3021,94
     250  3999,76  4007,08  3018,28
   250,5  3999,76  4000,37  3016,45
     251  3999,76  3999,15  3011,57
   251,5  3999,76  4010,13  3000,58
     252  3999,76  4006,47  2996,31
   252,5  3999,76  4005,25  2998,75
     253  3999,76   3996,7  3014,62
   253,5  3999,76   4008,3  3015,23
     254  3999,76  4001,59  3014,01
   254,5  3999,76  4007,69  3023,16
     255  3999,76  4007,08  3018,89
   255,5  3999,76  4006,47  3003,63
     256  3999,76  4001,59  2990,81
   256,5  3999,76  4006,47  2990,81
     257  3999,76  4009,52   3007,9
   257,5  3999,76  4007,69  3009,12
     258  3999,76   4008,3  3007,29
   258,5  3999,76  4010,74  2998,14
     259  3999,76  4006,47  3006,07
   259,5  3999,76  4017,46  3006,68
     260  3999,76   4008,3  2997,53
   260,5  3999,76  4005,86  2979,22
     261  3999,76  4010,74  2979,22
   261,5  3999,76  4013,18  2992,65
     262  3999,76  4003,42  2997,53
   262,5  3999,76  4000,37  3006,68
     263  3999,76  3998,54  2993,87
   263,5  3999,76  4000,37  2987,15
     264  3999,76  4004,03  2997,53
   264,5  3999,76  4011,35  3010,35
     265  3999,76  4013,18  3006,68
   265,5  3999,76  4007,69  2997,53
     266  3999,76  4008,91  2987,15
   266,5  3999,76  4010,74  2984,71
     267  3999,76  4007,08  2985,93
   267,5  3999,76  4007,08  2981,05
     268  3999,76  4007,69  2984,71
   268,5  3999,76  4002,81  2983,49
     269  3999,76  4000,98  2992,65
   269,5  3999,76  4005,25  2989,59
     270  3999,76  4005,86  3004,24
   270,5  3999,76  4005,86  3014,62
     271  3999,76   4008,3  3014,62
   271,5  3999,76  4009,52  3004,85
     272  3999,76  4003,42  3014,01
   272,5  3999,76   4002,2  3009,12
     273  3999,76  4006,47  3028,05
   273,5  3999,76  4010,74  3039,03
     274  3999,76  4010,13  3043,31
   274,5  3999,76   4014,4  3052,46
     275  3999,76  4010,13  3044,53
   275,5  3999,76  4016,24  3045,75
     276  3999,76  4006,47  3043,92
   276,5  3999,76  4011,96  3024,99
     277  3999,76  4011,96  3003,63
   277,5  3999,76  4010,13  2992,03
     278  3999,76  4008,91  2974,33
   278,5  3999,76  4010,13  2973,11
     279  3999,76  4010,13  2987,15
   279,5  3999,76  4005,25  3020,11
     280  3999,76  4007,08  3021,94
   280,5  3999,76  4005,25   3019,5
     281  3999,76  4011,96   3007,9
   281,5  3999,76  4010,13  2989,59
     282  3999,76  4011,35  2979,22
   282,5  3999,76  4010,74  2983,49
     283  3999,76  4007,69  2982,27
   283,5  3999,76  4011,35  2988,98
     284  3999,76  4011,35  2982,88
   284,5  3999,76  4016,85  2978,61
     285  3999,76  4018,07  2967,62
   285,5  3999,76  4005,86  2962,74
     286  3999,76  4009,52   2960,3
   286,5  3999,76  4010,74   2966,4
     287  3999,76  4005,86  2967,62
   287,5  3999,76  4010,13  2973,72
     288  3999,76  4009,52  2979,22
   288,5  3999,76   4008,3  2963,35
     289  3999,76  4006,47   2954,8
   289,5  3999,76  4013,79  2951,75
     290  3999,76   4008,3  2952,97
   290,5  3999,76  4007,69  2960,91
     291  3999,76  4011,96  2947,48
   291,5  3999,76  4011,35  2951,75
     292  3999,76  4009,52  2970,06
   292,5  3999,76  4011,96  2971,28
     293  3999,76  4006,47  2960,91
   293,5  3999,76  4000,98  2951,75
     294  3999,76  4010,13  2951,14
   294,5  3999,76  4011,96  2955,41
     295  3999,76  4006,47  2958,46
   295,5  3999,76  4003,42  2939,54
     296  3999,76   3996,7  2936,49
   296,5  3999,76   3996,7  2944,43
     297  3999,76  4002,81   2954,8
   297,5  3999,76  4001,59  2984,71
     298  3999,76  4008,91  2985,32
   298,5  3999,76  3997,31  2984,71
     299  3999,76   4008,3  2981,05
   299,5  3999,76  4006,47  2976,17
     300  3999,76  4005,86  2985,93
   300,5  3999,76   4008,3  2965,18
     301  3999,76  4004,03  2953,58
   301,5  3999,76  3999,15  2947,48
     302  3999,76  3997,31   2948,7
   302,5  3999,76  4004,64  2964,57
     303  3999,76  4004,03  2993,26
   303,5  3999,76   3996,7  2999,97
     304  3999,76  3997,31  2985,32
   304,5  3999,76  3995,48  2985,93
     305  3999,76  3989,38  2979,22
   305,5  3999,76  3989,38  2991,42
     306  3999,76   3996,7  3004,24
   306,5  3999,76  3997,31  2999,36
     307  3999,76  3997,92  2985,32
   307,5  3999,76  3999,76     2978
     308  3999,76  3992,43  2936,49
   308,5  3999,76  3996,09  2908,41
     309  3999,76  4000,37  2885,22
   309,5  3999,76  3997,31  2880,95
     310  3999,76  3996,09  2874,23
   310,5  3999,76  3997,31  2871,79
     311  3999,76   3990,6  2874,84
   311,5  3999,76  3992,43  2891,93
     312  3999,76  3989,99  2888,27
   312,5  3999,76  3989,38  2882,17
     313  3999,76  3985,11  2898,04
   313,5  3999,76  3982,06  2910,25
     314  3999,76   3972,9  2904,75
   314,5  3999,76  3980,22  2912,08
     315  3999,76  3971,68  2924,89
   315,5  3999,76  3975,95  2935,27
     316  3999,76  3981,44  2948,09
   316,5  3999,76  3978,39  2953,58
     317  3999,76  3979,61  2959,69
   317,5  3999,76     3979  2967,01
     318  3999,76     3979  2957,24
   318,5  3999,76  3986,33  2967,01
     319  3999,76  3986,33  2976,17
   319,5  3999,76  3980,83  2974,94
     320  3999,76  3979,61  2973,11
   320,5  3999,76  3983,28  2955,41
     321  3999,76  3978,39   2960,3
   321,5  3999,76  3980,22  2959,07
     322  3999,76   3984,5  2987,76
   322,5  3999,76  3983,28  3001,19
     323  3999,76  3978,39  3006,07
   323,5  3999,76  3976,56  3007,29
     324  3999,76  3977,17  3014,62
   324,5  3999,76  3972,29  3032,32
     325  3999,76  3972,29  3034,15
   325,5  3999,76  3985,11  3024,99
     326  3999,76  3989,38   3025,6
   326,5  3999,76  3983,89  3034,15
     327  3999,76  3980,83  3029,88
   327,5  3999,76  3987,55  3016,45
     328  3999,76  3982,67  3014,62
   328,5  3999,76  3991,21  3007,29
     329  3999,76  3988,16  3020,11
   329,5  3999,76  3987,55  3009,12
     330  3999,76  3986,94  3000,58
   330,5  3999,76  3986,94  2984,71
     331  3999,76  3988,16  2983,49
   331,5  3999,76  3992,43  3003,02
     332  3999,76  3994,87  3009,74
   332,5  3999,76  3983,89  3029,27
     333  3999,76  3988,77  3039,03
   333,5  3999,76  3986,94  3028,66
     334  3999,76  3989,38  3018,89
   334,5  3999,76  3991,21  3009,74
     335  3999,76  3988,16  3002,41
   335,5  3999,76  3994,26  3000,58
     336  3999,76  3991,21  2998,14
   336,5  3999,76  3994,87  3004,85
     337  3999,76   4002,2  3004,85
   337,5  3999,76  3998,54  3012,79
     338  3999,76  4000,37  3011,57
   338,5  3999,76  3992,43   3001,8
     339  3999,76   3996,7  2998,14
   339,5  3999,76  3991,21  3006,07
     340  3999,76  3998,54  3009,74
   340,5  3999,76  3999,15  3020,72
     341  3999,76  3993,04   3025,6
   341,5  3999,76   3990,6  3027,44
     342  3999,76   3996,7  3012,18
   342,5  3999,76  3991,21  3009,12
     343  3999,76  4000,37  3015,84
   343,5  3999,76  3996,09  3022,55
     344  3999,76  4000,98  3017,06
   344,5  3999,76  3997,31  3017,67
     345  3999,76   3996,7  3012,18
   345,5  3999,76  4000,37  2994,48
     346  3999,76  4000,98  2992,03
   346,5  3999,76  4000,37  2987,76
     347  3999,76  4005,86  2982,88
   347,5  3999,76  4007,08  2975,55
     348  3999,76   3996,7  2978,61
   348,5  3999,76  4002,81  2978,61
     349  3999,76  3994,87   2972,5
   349,5  3999,76  4004,03  2968,84
     350  3999,76  3998,54   2972,5
   350,5  3999,76  3993,04  2979,22
     351  3999,76   3996,7  2992,03
   351,5  3999,76  3993,65  2999,97
     352  3999,76  3993,04  2985,32
   352,5  3999,76  4000,98  2981,05
     353  3999,76  3998,54  2980,44
   353,5  3999,76  3991,21  2986,54
     354  3999,76  4005,25  2996,92
   354,5  3999,76  3998,54  2996,31
     355  3999,76  4001,59  2994,48
   355,5  3999,76  3999,15  2993,87
     356  3999,76  4004,64  2998,14
   356,5  3999,76  4004,64  2999,97
     357  3999,76  4005,25  2995,09
   357,5  3999,76  4000,37  2989,59
     358  3999,76  4002,81  2988,98
   358,5  3999,76  4001,59  2989,59
     359  3999,76  3999,76  2999,36
   359,5  3999,76  4005,86  2989,59
     360  3999,76  3996,09  3002,41
   360,5  3999,76  3993,65  3002,41
     361  3999,76  3993,04  2988,37
   361,5  3999,76   4002,2   2995,7
     362  3999,76  4003,42  3007,29
   362,5  3999,76   4002,2  2991,42
     363  3999,76  4007,69  2991,42
   363,5  3999,76  3994,87  2989,59
     364  3999,76  4002,81  2983,49
   364,5  3999,76   4002,2  2977,39
     365  3999,76  4010,13  2988,37
   365,5  3999,76  4013,18  2998,75
     366  3999,76  4002,81  2994,48
   366,5  3999,76  4008,91   2995,7
     367  3999,76  4000,37  2973,72
   367,5  3999,76  4006,47   2966,4
     368  3999,76  4003,42  2965,18
   368,5  3999,76  4009,52  2970,06
     369  3999,76  4005,25  2993,26
   369,5  3999,76  3995,48  2978,61
     370  3999,76   4002,2  2984,71
   370,5  3999,76  3996,09  2968,23
     371  3999,76  3998,54  2951,75
   371,5  3999,76  3995,48  2962,74
     372  3999,76  3997,92  2965,79
   372,5  3999,76   4002,2  2988,98
     373  3999,76  3999,15  2982,88
   373,5  3999,76  4004,64     2978
     374  3999,76  4002,81  2976,78
   374,5  3999,76  4004,03  2973,11
     375  3999,76   4008,3  2973,72
   375,5  3999,76  4003,42  2967,01
     376  3999,76  4006,47  2975,55
   376,5  3999,76  4005,25  2974,33
     377  3999,76  3998,54   2972,5
   377,5  3999,76   4002,2  2987,76
     378  3999,76  4005,25  2999,36
   378,5  3999,76  4005,86   3013,4
     379  3999,76  3998,54  3017,67
   379,5  3999,76   3996,7  3008,51
     380  3999,76  3996,09  3000,58
   380,5  3999,76  3997,31  2999,97
     381  3999,76  3999,15   2990,2
   381,5  3999,76  3998,54  2982,88
     382  3999,76   4002,2   2990,2
   382,5  3999,76  4004,03  2998,14
     383  3999,76  4005,25  2994,48
   383,5  3999,76  3999,76  2967,62
     384  3999,76  4007,08  2965,79
   384,5  3999,76  4009,52  2953,58
     385  3999,76  4004,64  2953,58
   385,5  3999,76  4006,47  2949,92
     386  3999,76  4005,86  2952,97
   386,5  3999,76  4004,64  2952,97
     387  3999,76  3999,15  2951,14
   387,5  3999,76  3994,26  2945,04
     388  3999,76  4000,98  2952,36
   388,5  3999,76  4004,03  2970,06
     389  3999,76  4007,08  2985,32
   389,5  3999,76  3999,15  2979,22
     390  3999,76  4005,25  2985,32
   390,5  3999,76  4001,59  2959,69
     391  3999,76  3994,26  2963,96
   391,5  3999,76   4002,2   2966,4
     392  3999,76   3996,7  2968,23
   392,5  3999,76  3999,76   2966,4
     393  3999,76  4001,59  2961,52
   393,5  3999,76  4000,37  2970,06
     394  3999,76  4000,37  2976,78
   394,5  3999,76  3999,76  2967,01
     395  3999,76  4007,08  2955,41
   395,5  3999,76  4007,69   2954,8
     396  3999,76  4004,03  2955,41
   396,5  3999,76   4002,2  2951,14
     397  3999,76   4002,2   2960,3
   397,5  3999,76  4003,42  2956,63
     398  3999,76   4002,2  2952,97
   398,5  3999,76  3999,76  2951,75
     399  3999,76  3998,54  2957,24
   399,5  3999,76  3997,31  2968,23
     400  3999,76   3996,7  2962,13
   400,5  3999,76   4002,2  2967,62
     401  3999,76  4006,47  2992,65
   401,5  3999,76  4000,98  2997,53
     402  3999,76  4000,37  2987,76
   402,5  3999,76  3997,92  2984,71
     403  3999,76  3996,09  3006,07
   403,5  3999,76  4002,81  3018,89
     404  3999,76  4007,08  3022,55
   404,5  3999,76  4000,98  3023,77
     405  3999,76  3998,54   3013,4
   405,5  3999,76  3999,76  3012,79
     406  3999,76   4008,3  3011,57
   406,5  3999,76  4005,86  2990,81
     407  3999,76   4008,3   2990,2
   407,5  3999,76  4007,69  2980,44
     408  3999,76  4011,96  2982,88
   408,5  3999,76  3997,92  2992,65
     409  3999,76  4007,69  3003,63
   409,5  3999,76  4007,08  3006,07
     410  3999,76  4006,47  3009,74
   410,5  3999,76  4000,37  3009,12
     411  3999,76   4002,2  3007,29
   411,5  3999,76  4004,03  3008,51
     412  3999,76  3997,92  3018,89
   412,5  3999,76  3999,76  3011,57
     413  3999,76  4005,25  2998,75
   413,5  3999,76  4007,69  3009,74
     414  3999,76  4004,64  3012,18
   414,5  3999,76  4007,08   3013,4
     415  3999,76  4006,47  2998,75
   415,5  3999,76  4010,13  3003,02
     416  3999,76  4009,52  3011,57
   416,5  3999,76  4013,79  2990,81
     417  3999,76  4011,35  2988,37
   417,5  3999,76  4011,35   2984,1
     418  3999,76  4008,91  2978,61
   418,5  3999,76  4004,03  2984,71
     419  3999,76  4004,03  2996,31
   419,5  3999,76  4007,08  2988,98
     420  3999,76  4007,69  2989,59
   420,5  3999,76  4005,86   2990,2
     421  3999,76  4002,81  2998,75
   421,5  3999,76  4006,47  3002,41
     422  3999,76  4010,74  3012,18
   422,5  3999,76  4010,13  3009,74
     423  3999,76  4004,03  3004,85
   423,5  3999,76  4009,52  2996,31
     424  3999,76  4000,98  2979,83
   424,5  3999,76  4002,81  2978,61
     425  3999,76  4005,86  2977,39
   425,5  3999,76  4004,64  2992,65
     426  3999,76  4011,96  2994,48
   426,5  3999,76  4003,42  3001,19
     427  3999,76  4005,86  3009,12
   427,5  3999,76  4007,08  3007,29
     428  3999,76  4007,69  2999,36
   428,5  3999,76  4008,91  3006,07
     429  3999,76  4008,91  3010,96
   429,5  3999,76  4004,03  3022,55
     430  3999,76   4008,3  3016,45
   430,5  3999,76   4008,3  3009,12
     431  3999,76  4013,18  3002,41
   431,5  3999,76  4006,47  3001,19
     432  3999,76  4007,08  2988,37
   432,5  3999,76  4008,91  2975,55
     433  3999,76  4004,03  2974,33
   433,5  3999,76  4011,96  2981,66
     434  3999,76  4007,08  2983,49
   434,5  3999,76  4011,35  2985,93
     435  3999,76  4007,69   2972,5
   435,5  3999,76  4006,47  2983,49
     436  3999,76  4011,96  2992,65
   436,5  3999,76  4015,02  2992,65
     437  3999,76  4006,47  2999,36
   437,5  3999,76  4010,13  2974,33
     438  3999,76  4011,96   2960,3
   438,5  3999,76  4007,08  2971,89
     439  3999,76  4005,86  2968,23
   439,5  3999,76  4004,64  2976,17
     440  3999,76  4011,35  2974,33
   440,5  3999,76   4008,3  2964,57
     441  3999,76  4011,35  2974,33
   441,5  3999,76  4003,42  2982,27
     442  3999,76  4010,13  2984,71
   442,5  3999,76  4007,08  2971,28
     443  3999,76  4004,03  2965,79
   443,5  3999,76  4006,47  2967,62
     444  3999,76  4010,13     2978
   444,5  3999,76  4009,52  2974,94
     445  3999,76  4011,96  2969,45
   445,5  3999,76  4010,13  2944,43
     446  3999,76  4003,42  2892,54
   446,5  3999,76  4005,25  2893,77
     447  3999,76  4000,37  2892,54
   447,5  3999,76  4004,64  2898,04
     448  3999,76   3996,7  2902,92
   448,5  3999,76  4000,37   2907,8
     449  3999,76   3996,7  2915,74
   449,5  3999,76  3999,15     2931
     450  3999,76   4002,2  2946,26
   450,5  3999,76  3997,92  2941,98
     451  3999,76  3991,21  2939,54
   451,5  3999,76  3994,26  2940,15
     452  3999,76  3996,09  2937,71
   452,5  3999,76  3994,87  2949,31
     453  3999,76  4001,59  2946,87
   453,5  4999,85  4001,59  2949,92
     454  4999,85  4000,98  2947,48
   454,5  4999,85  4003,42  2947,48
     455  4999,85  4022,95  3929,56
   455,5  4999,85  4055,91  3929,56
     456  4999,85  4086,43   4937,9
   456,5  4999,85  4118,78   4937,9
     457  4999,85  4152,35  5254,68
   457,5  4999,85  4180,43  5306,56
     458  4999,85  4211,55     5309
   458,5  4999,85  4239,63  5292,52
     459  4999,85  4272,59  5283,36
   459,5  4999,85  4301,28  5294,35
     460  4999,85  4328,75  5277,26
   460,5  4999,85  4364,15  5259,56
     461  4999,85  4399,55   5244,3
   461,5  4999,85  4420,91  5211,95
     462  4999,85  4457,53  5182,65
   462,5  4999,85  4485,61  5127,11
     463  4999,85  4517,96  5089,27
   463,5  4999,85  4540,54  5069,12
     464  4999,85  4569,23   5032,5
   464,5  4999,85  4599,14  4989,78
     465  4999,85  4622,94  4957,43
   465,5  4999,85  4651,63  4925,08
     466  4999,85  4681,54  4881,74
   466,5  4999,85  4710,84  4859,77
     467  4999,85  4730,98  4834,74
   467,5  4999,85  4759,06  4792,02
     468  4999,85  4763,33   4743,8
   468,5  4999,85  4798,12   4696,8
     469  4999,85   4820,7  4670,55
   469,5  4999,85  4843,29   4632,1
     470  4999,85  4863,43  4581,44
   470,5  4999,85  4876,86  4527,12
     471  4999,85  4889,07  4497,82
   471,5  4999,85  4905,55  4463,03
     472  4999,85  4934,84  4427,63
   472,5  4999,85  4953,15  4400,77
     473  4999,85  4972,08  4378,19
   473,5  4999,85  4984,89  4341,56
     474  4999,85  5003,81  4297,01
   474,5  4999,85  5023,96  4275,03
     475  4999,85  5045,32  4248,18
   475,5  4999,85   5055,7  4192,63
     476  4999,85  5065,46  4141,36
   476,5  4999,85  5078,28  4081,55
     477  4999,85  5082,55  4026,61
   477,5  4999,85  5093,54  3996,09
     478  4999,85  5111,24  3967,41
   478,5  4999,85  5125,89  3934,45
     479  4999,85   5132,6   3925,9
   479,5  4999,85  5141,15  3900,27
     480  4999,85  5152,13  3866,08
   480,5  4999,85  5162,51  3840,45
     481  4999,85  5171,06  3800,78
   481,5  4999,85   5179,6  3756,83
     482  4999,85  5188,76  3728,75
   482,5  4999,85  5195,47   3696,4
     483  4999,85     5215  3650,01
   483,5  4999,85  5215,61  3615,83
     484  4999,85  5214,39   3584,7
   484,5  4999,85  5221,11  3548,69
     485  4999,85  5221,72  3509,63
   485,5  4999,85  5230,26  3485,21
     486  4999,85  5233,92  3477,28
   486,5  4999,85  5240,03  3448,59
     487  4999,85   5244,3  3412,58
   487,5  4999,85  5247,96  3386,33
     488  4999,85  5248,57  3357,04
   488,5  4999,85  5243,08  3350,32
     489  4999,85  5249,18  3317,36
   489,5  4999,85  5248,57  3308,82
     490  4999,85  5251,01  3305,76
   490,5  4999,85  5256,51  3276,47
     491  4999,85  5257,73  3270,36
   491,5  4999,85  5261,39  3253,27
     492  4999,85  5254,68  3233,13
   492,5  4999,85  5260,78  3214,21
     493  4999,85  5260,78  3182,47
   493,5  4999,85  5260,78  3182,47
     494  4999,85  5260,78  3168,43
   494,5  4999,85  5254,07  3146,46
     495  4999,85  5257,12   3113,5
   495,5  4999,85  5251,62  3104,34
     496  4999,85  5254,68  3104,95
   496,5  4999,85  5257,73  3098,24
     497  4999,85  5249,18  3074,43
   497,5  4999,85  5246,74  3064,06
     498  4999,85  5241,25  3044,53
   498,5  4999,85  5244,91  3032,93
     499  4999,85  5235,15  3036,59
   499,5  4999,85  5237,59  3024,99
     500  4999,85  5240,03  3010,96
   500,5  4999,85  5233,31  3006,07
     501  4999,85  5227,21  2988,98
   501,5  4999,85  5224,77  2960,91
     502  4999,85   5220,5  2940,15
   502,5  4999,85  5223,55  2913,91
     503  4999,85  5211,34  2909,02
   503,5  4999,85  5213,17  2915,74
     504  4999,85   5208,9  2906,58
   504,5  4999,85  5200,35   2919,4
     505  4999,85  5198,52  2902,31
   505,5  4999,85  5192,42  2907,19
     506  4999,85  5184,48  2902,92
   506,5  4999,85  5187,54   2901,7
     507  4999,85  5180,21  2901,09
   507,5  4999,85  5180,21  2902,31
     508  4999,85  5174,11  2891,93
   508,5  4999,85  5166,78  2876,67
     509  4999,85  5164,95  2887,05
   509,5  4999,85  5168,61  2885,83
     510  4999,85  5163,12     2884
   510,5  4999,85  5157,02  2863,25
     511  4999,85  5153,36  2857,14
   511,5  4999,85  5147,25  2847,38
     512  4999,85  5146,64  2845,55
   512,5  4999,85  5142,98  2843,71
     513  4999,85  5139,93  2852,87
   513,5  4999,85  5127,72  2849,82
     514  4999,85  5128,33  2856,53
   514,5  4999,85  5119,17  2867,52
     515  4999,85  5114,29   2872,4
   515,5  4999,85  5119,17  2869,35
     516  4999,85  5110,02  2873,01
   516,5  4999,85  5109,41  2876,67
     517  4999,85  5102,69  2871,79
   517,5  4999,85  5094,15  2864,47
     518  4999,85  5095,98  2870,57
   518,5  4999,85  5093,54  2896,21
     519  4999,85  5096,59  2916,96
   519,5  4999,85  5086,21  2926,11
     520  4999,85  5086,83   2925,5
   520,5  4999,85  5084,38  2926,11
     521  4999,85  5075,84   2925,5
   521,5  4999,85  5074,01  2916,35
     522  4999,85   5067,9  2915,74
   522,5  4999,85  5070,35  2902,31
     523  4999,85  5070,35  2904,75
   523,5  4999,85   5061,8   2919,4
     524  4999,85   5055,7  2927,34
   524,5  4999,85   5055,7  2954,19
     525  4999,85  5055,09  2967,62
   525,5  4999,85  5050,81  2964,57
     526  4999,85  5045,32  2970,06
   526,5  4999,85   5044,1  2971,28
     527  4999,85  5041,05  2984,71
   527,5  4999,85  5044,71  2993,87
     528  4999,85  5038,61  2999,97
   528,5  4999,85  5039,22  3011,57
     529  4999,85  5034,94  3021,33
   529,5  4999,85  5034,94  3022,55
     530  4999,85  5033,72  3018,28
   530,5  4999,85  5034,94  3023,16
     531  4999,85  5030,67  3028,05
   531,5  4999,85  5030,06  3032,32
     532  4999,85  5031,89  3026,22
   532,5  4999,85  5029,45  3034,76
     533  4999,85  5024,57  3052,46
   533,5  4999,85  5019,07  3045,75
     534  4999,85  5027,01  3032,93
   534,5  4999,85  5021,52  3049,41
     535  4999,85  5018,46   3066,5
   535,5  4999,85  5016,02  3065,89
     536  4999,85  5012,36  3062,23
   536,5  4999,85  5018,46  3061,01
     537  4999,85  5013,58  3042,08
   537,5  4999,85  5013,58   3007,9
     538  4999,85  5008,09  3001,19
   538,5  4999,85  5012,97  3006,68
     539  4999,85  5013,58  3015,84
   539,5  4999,85  5010,53  3033,54
     540  4999,85   5008,7  3026,83
   540,5  4999,85  5009,31  3020,72
     541  4999,85  4998,32  3022,55
   541,5  4999,85  4998,93  3035,98
     542  4999,85  4999,54  3042,08
   542,5  4999,85  4994,66  3053,68
     543  4999,85  4989,17  3063,45
   543,5  4999,85  4999,54  3061,62
     544  4999,85  4994,66  3075,66
   544,5  4999,85   4997,1  3083,59
     545  4999,85  4995,88  3081,15
   545,5  4999,85  4994,05   3072,6
     546  4999,85  4994,66  3056,73
   546,5  4999,85  4988,56  3056,12
     547  4999,85  4994,66  3061,62
   547,5  4999,85  4988,56  3051,24
     548  4999,85  4984,89  3053,07
   548,5  4999,85  4978,79  3070,16
     549  4999,85  4983,67  3078,71
   549,5  4999,85  4989,78  3082,37
     550  4999,85  4987,95  3085,42
   550,5  4999,85  4982,45  3097,63
     551  4999,85  4984,89  3084,81
   551,5  4999,85  4983,06  3070,16
     552  4999,85  4980,01  3087,25
   552,5  4999,85  4984,28  3085,42
     553  4999,85  4984,89  3073,82
   553,5  4999,85  4976,96  3081,76
     554  4999,85  4980,01  3089,08
   554,5  4999,85  4984,28  3093,36
     555  4999,85  4982,45  3117,77
   555,5  4999,85   4979,4  3125,71
     556  4999,85  4983,06  3120,21
   556,5  4999,85  4983,06  3110,45
     557  4999,85  4981,23  3109,23
   557,5  4999,85  4976,96  3097,63
     558  4999,85  4974,52   3101,9
   558,5  4999,85  4970,85  3092,75
     559  4999,85  4980,01  3098,85
   559,5  4999,85  4982,45  3111,67
     560  4999,85  4978,18  3123,87
   560,5  4999,85  4973,91   3131,2
     561  4999,85  4973,91  3123,87
   561,5  4999,85   4979,4  3128,76
     562  4999,85  4975,13  3139,13
   562,5  4999,85  4976,96  3136,08
     563  4999,85   4973,3  3143,41
   563,5  4999,85  4970,24  3152,56
     564  4999,85  4976,96  3153,17
   564,5  4999,85  4968,41  3144,02
     565  4999,85  4974,52   3131,2
   565,5  4999,85   4973,3  3123,87
     566  4999,85  4968,41  3149,51
   566,5  4999,85  4977,57  3148,29
     567  4999,85  4974,52  3150,12
   567,5  4999,85  4975,74   3148,9
     568  4999,85  4977,57  3162,33
   568,5  4999,85  4973,91  3159,89
     569  4999,85   4979,4  3156,22
   569,5  4999,85  4983,06  3153,17
     570  4999,85  4980,62  3161,11
   570,5  4999,85  4978,18  3156,22
     571  4999,85  4984,89  3162,94
   571,5  4999,85  4980,01  3156,22
     572  4999,85   4985,5  3156,83
   572,5  4999,85  4984,89   3160,5
     573  4999,85  4982,45   3148,9
   573,5  4999,85   4985,5  3148,29
     574  4999,85  4980,01  3142,19
   574,5  4999,85  4981,23  3144,63
     575  4999,85  4982,45  3151,95
   575,5  4999,85  4977,57     3155
     576  4999,85  4983,06  3134,86
   576,5  4999,85  4984,89  3129,98
     577  4999,85  4986,11  3120,21
   577,5  4999,85  4981,84  3120,21
     578  4999,85  4982,45  3111,06
   578,5  4999,85  4986,72  3106,17
     579  4999,85  4986,72   3113,5
   579,5  4999,85  4983,06  3129,37
     580  4999,85  4983,06   3131,2
   580,5  4999,85  4981,84  3117,77
     581  4999,85   4985,5  3115,33
   581,5  4999,85  4993,44  3121,43
     582  4999,85  4987,33  3136,08
   582,5  4999,85  4987,33  3126,32
     583  4999,85  4984,28     3108
   583,5  4999,85  4981,84  3098,24
     584  4999,85   4985,5  3102,51
   584,5  4999,85  4988,56  3122,65
     585  4999,85  4993,44  3134,25
   585,5  4999,85  4986,72  3150,73
     586  4999,85  4991,61  3155,61
   586,5  4999,85  4994,05  3140,35
     587  4999,85  4992,22  3136,69
   587,5  4999,85  4989,78  3132,42
     588  4999,85   4985,5  3130,59
   588,5  4999,85  4984,89  3122,65
     589  4999,85  4987,33  3123,87
   589,5  4999,85  4989,17   3125,1
     590  4999,85  4984,89  3133,64
   590,5  4999,85  4983,06   3148,9
     591  4999,85  4989,78  3153,17
   591,5  4999,85  4988,56  3156,22
     592  4999,85  5000,76  3156,22
   592,5  4999,85  4992,22   3160,5
     593  4999,85  4988,56  3153,78
   593,5  4999,85  4986,72  3137,91
     594  4999,85  4989,17  3153,17
   594,5  4999,85  4992,83  3168,43
     595  4999,85  4989,78  3175,15
   595,5  4999,85  4988,56  3187,35
     596  4999,85  4992,83  3201,39
   596,5  4999,85     4991  3199,56
     597  4999,85  4992,83  3191,63
   597,5  4999,85  4991,61  3186,13
     598  4999,85  4993,44  3190,41
   598,5  4999,85     4991  3200,17
     599  4999,85  5000,76  3190,41
   599,5  4999,85  4998,32  3185,52
     600  4999,85  5001,37  3192,85
   600,5  4999,85  5001,37  3187,96
     601  4999,85  5006,26  3182,47
   601,5  4999,85  5003,81  3179,42
     602  4999,85  5002,59  3169,04
   602,5  4999,85  5009,31  3167,21
     603  4999,85  5007,48   3172,7
